A[C>A]A	A[C>A]C	A[C>A]G	A[C>A]T	C[C>A]A	C[C>A]C	C[C>A]G	C[C>A]T	G[C>A]A	G[C>A]C	G[C>A]G	G[C>A]T	T[C>A]A	T[C>A]C	T[C>A]G	T[C>A]T	A[C>G]A	A[C>G]C	A[C>G]G	A[C>G]T	C[C>G]A	C[C>G]C	C[C>G]G	C[C>G]T	G[C>G]A	G[C>G]C	G[C>G]G	G[C>G]T	T[C>G]A	T[C>G]C	T[C>G]G	T[C>G]T	A[C>T]A	A[C>T]C	A[C>T]G	A[C>T]T	C[C>T]A	C[C>T]C	C[C>T]G	C[C>T]T	G[C>T]A	G[C>T]C	G[C>T]G	G[C>T]T	T[C>T]A	T[C>T]C	T[C>T]G	T[C>T]T	A[T>A]A	A[T>A]C	A[T>A]G	A[T>A]T	C[T>A]A	C[T>A]C	C[T>A]G	C[T>A]T	G[T>A]A	G[T>A]C	G[T>A]G	G[T>A]T	T[T>A]A	T[T>A]C	T[T>A]G	T[T>A]T	A[T>C]A	A[T>C]C	A[T>C]G	A[T>C]T	C[T>C]A	C[T>C]C	C[T>C]G	C[T>C]T	G[T>C]A	G[T>C]C	G[T>C]G	G[T>C]T	T[T>C]A	T[T>C]C	T[T>C]G	T[T>C]T	A[T>G]A	A[T>G]C	A[T>G]G	A[T>G]T	C[T>G]A	C[T>G]C	C[T>G]G	C[T>G]T	G[T>G]A	G[T>G]C	G[T>G]G	G[T>G]T	T[T>G]A	T[T>G]C	T[T>G]G	T[T>G]T	Samples
85	26	6	46	139	31	18	73	248	28	12	141	266	116	19	456	5	3	0	4	4	4	1	4	0	1	0	2	3	4	0	9	13	8	123	16	20	13	56	11	13	15	80	13	17	13	48	19	12	1	7	12	3	3	5	4	2	0	3	4	6	3	0	9	15	9	9	18	7	6	14	12	7	7	10	10	9	9	6	7	2	0	5	2	2	4	3	3	0	4	4	2	2	0	0	6	PD44887_10_branch_snp
114	32	6	51	153	32	12	129	252	30	6	146	312	120	22	446	4	1	1	5	2	2	1	0	0	0	0	1	2	2	0	4	22	8	118	8	12	9	59	9	17	10	81	9	7	10	45	15	1	2	2	6	0	0	4	2	3	1	1	1	7	2	4	8	11	2	4	18	4	2	5	3	5	3	7	14	6	2	3	8	2	0	2	5	0	0	4	5	0	1	1	4	2	2	1	3	PD44887_11_branch_snp
92	21	6	48	143	29	21	97	258	20	8	133	275	120	27	394	4	2	2	3	2	3	0	9	3	3	2	2	5	2	0	10	29	12	130	12	13	16	68	16	17	21	100	17	17	21	44	18	5	1	8	3	1	2	2	4	2	0	1	2	4	2	2	5	18	8	10	14	5	5	2	7	4	4	3	8	8	5	6	10	2	1	5	3	1	1	5	3	0	0	4	2	2	3	1	11	PD44887_12_branch_snp
88	22	5	36	162	33	11	78	248	22	12	128	296	127	35	453	1	4	1	3	2	1	4	8	1	0	0	5	2	3	0	7	19	9	135	19	13	13	63	15	10	17	82	10	14	22	50	12	6	7	7	5	4	3	3	5	3	0	2	2	6	3	3	8	14	3	3	11	5	6	3	6	5	6	6	8	5	8	3	9	3	0	5	5	1	1	1	3	1	1	2	1	0	1	2	4	PD44887_13_branch_snp
116	20	5	45	139	29	10	96	266	27	10	134	286	122	22	438	1	2	1	6	0	1	0	5	2	0	1	2	3	2	1	7	22	15	146	10	13	9	65	17	12	13	89	14	13	20	38	16	3	5	5	2	2	6	3	5	2	1	3	3	3	1	5	7	8	9	7	11	6	3	4	5	6	6	4	12	9	2	5	5	1	2	1	3	2	1	1	2	1	0	3	1	4	2	2	5	PD44887_14_branch_snp
101	27	5	49	167	24	13	74	257	26	10	148	260	100	29	428	2	0	0	1	4	2	1	1	1	4	0	2	2	4	1	7	17	10	159	18	11	10	74	15	17	19	82	14	11	17	42	16	2	2	7	8	1	5	3	8	3	0	0	3	2	3	4	11	11	5	13	13	5	4	4	5	8	8	8	6	10	6	3	10	6	2	2	0	2	4	3	2	0	1	4	0	2	3	1	5	PD44887_15_branch_snp
101	27	9	48	141	33	13	107	249	36	4	155	308	135	20	445	5	5	0	3	0	2	2	3	1	0	0	5	3	3	0	6	18	11	111	17	6	13	59	15	9	2	68	12	6	13	62	9	13	1	2	4	1	3	3	3	2	1	2	1	6	3	1	4	13	7	7	14	1	2	5	5	10	4	9	6	6	6	4	7	6	1	3	3	2	4	3	3	1	0	4	2	1	1	2	8	PD44887_16_branch_snp
11	2	2	2	10	7	2	10	15	3	2	15	29	13	2	44	0	0	0	0	0	0	0	0	1	0	0	0	1	0	0	0	1	1	14	3	1	2	14	0	1	0	9	1	1	1	5	1	1	0	0	0	0	0	0	0	0	0	0	0	1	0	0	3	2	1	0	2	0	0	0	0	1	0	1	1	1	0	0	2	0	0	1	1	1	0	0	0	0	0	0	0	0	0	0	1	PD44887_17_branch_snp
8	3	0	6	14	0	1	5	10	2	0	7	20	3	3	44	1	0	0	1	0	0	0	0	0	0	0	0	1	0	0	1	0	3	8	0	0	0	7	1	2	0	11	0	0	0	5	0	0	0	0	0	0	0	0	0	0	0	0	0	2	0	0	2	0	0	1	1	0	0	0	2	0	1	0	0	0	0	0	0	0	0	0	0	0	0	0	0	0	0	0	0	0	0	0	0	PD44887_18_branch_snp
20	4	0	6	28	5	3	19	45	13	4	35	47	23	3	64	0	0	0	1	0	0	0	0	0	1	0	0	0	0	0	0	0	1	12	1	3	3	13	4	1	3	25	4	1	3	2	1	0	1	0	0	0	0	1	0	0	0	0	0	2	0	0	0	2	0	3	1	0	0	0	0	3	0	1	2	2	2	1	1	1	0	3	0	0	1	0	0	0	0	0	0	0	0	0	2	PD44887_19_branch_snp
106	18	12	58	150	27	13	97	241	25	10	136	271	107	29	406	5	4	1	6	2	1	0	5	4	0	0	9	4	2	3	7	26	7	135	15	19	8	61	9	18	14	75	13	10	18	45	20	9	5	6	9	3	3	5	5	0	2	2	4	4	4	3	5	16	7	18	20	5	3	6	7	10	5	9	6	7	9	2	9	2	1	2	6	1	3	2	3	2	1	0	3	3	5	3	3	PD44887_1_branch_snp
74	29	6	59	142	40	14	126	226	48	15	176	343	149	30	498	2	0	1	5	1	1	1	2	1	4	0	0	3	2	0	12	8	3	80	8	9	3	51	11	2	8	63	8	9	12	19	13	4	0	1	10	1	2	0	3	1	1	1	0	10	3	1	4	9	2	6	14	4	5	6	13	7	2	1	3	5	8	3	7	4	0	2	5	1	2	2	13	0	0	0	5	5	0	1	6	PD44887_20_branch_snp
104	23	9	52	122	37	15	120	213	51	9	169	376	143	33	495	1	0	0	3	2	0	1	3	0	2	1	0	2	2	0	10	7	6	50	4	10	4	31	8	11	13	53	12	13	14	28	15	3	1	2	5	1	0	1	4	2	2	3	0	10	0	3	13	14	2	0	7	4	5	6	13	8	1	7	5	4	6	3	9	2	0	1	1	0	0	2	15	0	0	2	3	5	0	2	6	PD44887_21_branch_snp
108	23	3	52	142	37	19	126	261	36	18	174	332	176	39	508	4	1	0	3	1	0	0	0	0	0	0	3	4	3	0	4	6	2	51	10	3	2	48	11	7	9	62	7	11	3	16	9	2	3	1	6	0	1	3	5	1	1	2	1	12	2	1	10	5	5	5	5	4	2	2	8	6	1	3	4	6	7	2	7	2	2	0	4	0	4	2	17	1	0	2	4	1	0	0	4	PD44887_22_branch_snp
96	16	5	54	160	29	12	95	261	21	9	138	263	98	14	428	6	2	2	3	5	1	2	4	1	0	0	2	6	5	0	5	15	14	117	19	16	17	70	14	16	24	92	15	9	22	62	15	7	0	5	7	0	2	1	5	0	0	1	5	6	3	1	8	14	8	8	19	11	5	6	4	5	7	7	8	9	4	2	11	2	1	0	6	1	4	3	3	1	1	1	0	2	2	7	7	PD44887_23_branch_snp
110	23	7	42	149	22	10	85	273	16	5	128	259	113	18	447	5	2	1	5	2	3	0	5	4	3	1	1	4	4	0	6	23	13	143	14	18	17	71	12	12	18	85	19	10	15	48	16	5	3	4	3	2	2	4	4	2	2	1	1	6	3	3	5	20	4	8	14	3	7	7	8	8	5	5	12	6	6	2	12	5	0	3	5	1	2	2	1	2	0	3	1	2	2	3	4	PD44887_24_branch_snp
96	21	5	51	166	26	8	95	242	29	14	115	256	108	20	460	3	1	1	3	4	4	2	2	4	2	0	2	2	3	1	5	18	6	122	17	10	17	77	17	17	14	84	14	21	19	43	18	7	3	6	7	5	4	3	2	4	1	2	3	5	1	1	6	15	3	9	16	6	4	3	8	11	4	12	7	8	4	1	15	4	1	3	6	2	6	2	1	3	3	0	8	4	1	1	4	PD44887_25_branch_snp
99	18	10	45	160	36	11	105	251	31	8	105	295	99	29	432	3	2	1	4	1	2	2	4	1	1	0	4	0	2	0	9	22	9	134	11	14	23	74	16	18	16	79	17	14	13	51	7	4	3	2	10	5	4	1	5	2	1	1	5	6	3	3	5	6	7	12	13	5	5	2	8	7	5	6	11	5	7	3	10	4	1	5	2	0	1	1	4	0	1	3	1	8	0	3	6	PD44887_26_branch_snp
120	20	9	33	144	25	7	98	277	20	6	111	284	115	18	442	4	1	1	4	2	2	1	4	3	0	0	4	1	6	0	3	15	7	121	10	14	18	79	14	10	12	88	20	12	17	68	15	6	3	7	3	1	6	5	5	0	3	3	1	5	2	0	8	11	5	6	25	4	6	8	4	15	4	3	7	5	4	4	9	2	4	3	5	1	2	1	3	0	0	0	2	4	3	2	5	PD44887_27_branch_snp
130	26	6	58	151	31	15	92	224	24	10	104	256	105	24	392	8	2	1	6	0	2	3	6	4	3	0	4	3	0	1	5	23	16	114	24	13	23	70	20	6	19	81	24	22	17	52	19	4	5	3	6	4	1	3	2	4	1	1	2	7	2	0	9	15	10	9	26	5	5	5	10	6	6	5	13	14	9	8	13	1	3	4	6	3	2	3	7	2	1	3	1	4	1	0	7	PD44887_28_branch_snp
101	26	6	49	175	38	13	93	267	38	14	129	273	134	22	420	4	1	3	4	1	3	0	6	4	2	0	1	2	1	1	9	15	14	116	15	16	16	63	18	9	21	66	13	13	14	43	14	4	3	1	9	1	3	5	2	2	3	1	6	5	2	2	8	7	6	8	14	4	8	4	4	4	9	0	6	7	8	4	7	1	0	0	11	2	4	3	2	1	0	0	0	3	2	1	7	PD44887_29_branch_snp
93	19	8	32	148	28	11	99	267	32	10	138	263	102	20	422	6	4	0	2	4	5	3	7	0	3	0	5	5	2	1	9	21	12	144	16	12	20	61	15	16	18	77	8	16	28	50	14	3	4	5	8	2	2	3	6	0	1	2	3	5	3	3	6	20	5	9	11	5	2	5	5	8	8	5	8	6	7	7	11	4	0	2	5	2	4	3	6	1	1	2	2	3	2	1	3	PD44887_2_branch_snp
115	13	5	41	186	31	14	115	261	23	14	138	253	110	20	406	2	3	0	6	1	1	0	4	0	4	1	5	0	6	2	9	18	20	115	13	10	17	67	14	14	24	69	11	14	18	47	24	2	2	1	7	1	3	8	3	0	3	1	2	5	1	2	6	12	6	10	20	5	6	7	3	7	9	11	6	7	9	2	16	4	2	2	4	0	2	3	3	0	0	4	2	2	1	2	2	PD44887_30_branch_snp
104	24	9	38	166	30	10	94	226	26	9	131	286	110	21	422	6	4	0	2	4	0	4	5	0	1	0	2	5	3	0	9	19	11	118	19	15	15	84	13	13	17	94	9	13	20	54	19	7	1	7	6	1	5	0	4	3	6	3	4	4	0	2	8	13	9	3	19	6	6	6	5	6	5	5	12	8	5	3	8	2	2	2	3	1	0	3	3	1	2	0	0	3	1	5	8	PD44887_31_branch_snp
117	29	7	58	166	25	15	94	232	23	10	148	244	132	24	402	7	2	1	8	4	4	1	10	6	1	0	2	4	2	1	5	21	13	119	17	12	13	71	16	13	20	87	10	22	11	31	17	6	7	7	5	1	2	5	4	2	0	1	2	6	2	3	7	18	7	15	14	3	6	6	3	5	5	8	13	9	5	3	9	3	1	0	1	3	1	1	2	0	2	1	3	3	1	4	8	PD44887_32_branch_snp
123	27	8	44	173	27	10	91	251	30	12	106	248	94	22	390	7	0	0	4	1	6	1	2	2	3	0	4	4	6	3	9	21	21	112	15	13	24	80	14	11	23	76	16	16	21	41	20	6	6	6	3	6	1	5	0	0	2	3	4	8	6	7	10	18	9	15	20	5	7	3	7	13	5	7	10	14	4	5	8	3	3	6	4	1	2	2	3	1	0	5	3	2	2	1	7	PD44887_3_branch_snp
11	1	0	5	22	1	1	12	39	10	0	23	33	7	4	59	0	0	0	0	0	1	0	0	0	0	0	0	0	0	0	0	1	0	15	1	2	3	11	0	1	1	5	0	1	1	7	2	0	0	1	2	0	0	0	1	0	0	0	0	1	2	0	0	1	2	1	2	0	1	1	0	0	0	0	1	3	0	0	1	0	0	1	0	0	0	1	1	0	0	0	1	0	0	0	0	PD44887_40_branch_snp
8	3	1	8	18	3	3	12	33	0	1	25	30	16	3	59	0	0	0	0	0	0	0	0	0	0	0	1	1	1	0	0	3	2	19	2	2	1	14	0	0	1	10	1	2	0	4	1	0	0	0	0	0	0	3	0	0	1	0	1	0	0	0	0	2	0	1	3	3	1	1	1	2	0	0	3	0	0	1	3	0	0	0	1	0	1	0	1	0	0	0	0	0	0	0	1	PD44887_47_branch_snp
98	14	5	42	147	25	10	74	226	33	4	94	229	119	18	393	10	4	1	5	1	3	2	5	5	1	0	5	3	1	0	4	19	16	153	18	24	19	69	27	25	18	84	16	21	19	57	18	10	1	8	14	3	4	3	8	1	1	1	6	5	1	5	17	20	8	17	18	5	5	7	9	18	8	11	12	10	12	1	8	1	2	2	8	1	2	3	5	2	2	2	5	8	2	7	7	PD44887_4_branch_snp
26	4	3	16	57	13	8	39	73	12	2	53	88	42	10	143	2	0	1	0	1	2	0	2	0	0	0	0	0	0	0	4	6	3	43	8	3	3	25	2	1	5	28	3	6	4	16	6	2	0	1	2	1	1	1	0	1	1	0	2	1	1	0	5	2	0	0	5	2	0	1	0	0	2	2	0	3	2	2	2	0	0	0	0	0	0	1	1	0	1	0	0	0	0	1	1	PD44887_51_branch_snp
96	14	7	49	166	41	22	120	220	35	14	150	282	136	32	495	5	3	1	9	0	4	0	3	1	1	0	3	7	6	0	8	16	8	79	13	8	11	50	11	11	7	65	11	14	12	28	7	7	6	1	8	3	2	6	3	0	4	2	4	9	2	2	10	14	2	8	5	1	2	1	7	4	3	8	6	8	7	6	8	5	1	0	4	1	1	1	12	4	1	3	9	6	5	3	4	PD44887_53_branch_snp
31	11	1	18	45	17	4	30	68	19	5	49	102	49	6	178	1	0	0	1	0	1	0	1	0	0	0	0	3	1	0	3	3	2	23	1	3	1	13	5	4	4	16	4	3	5	18	4	2	1	2	6	0	1	1	4	0	0	0	0	7	1	0	3	4	0	2	3	1	1	2	0	2	4	3	0	1	1	1	3	0	1	1	1	0	0	1	4	0	0	1	2	0	0	2	3	PD44887_54_branch_snp
87	23	4	64	142	42	19	118	238	51	17	150	355	174	41	488	4	4	2	3	1	2	1	3	1	1	0	2	1	1	0	5	15	4	55	10	9	6	43	6	4	2	56	11	10	9	37	9	3	3	2	12	1	1	3	4	0	1	2	3	11	2	1	10	9	2	7	12	6	2	3	5	3	4	7	6	9	5	2	4	3	1	0	4	4	0	0	1	2	0	2	0	2	0	3	3	PD44887_55_branch_snp
9	2	0	5	15	3	0	14	33	2	3	20	24	19	5	67	1	1	0	2	0	0	0	0	0	0	0	1	1	1	0	2	3	1	15	0	1	2	4	0	2	0	11	0	3	1	14	4	0	1	0	2	0	1	0	0	1	0	0	0	0	0	0	0	1	2	2	1	1	1	0	1	3	1	0	1	1	1	0	0	0	0	0	1	0	0	0	0	0	0	0	0	1	0	0	2	PD44887_56_branch_snp
101	22	8	44	145	23	18	104	245	49	11	143	383	198	26	555	2	2	1	2	2	0	0	2	2	1	2	0	3	2	1	4	9	3	64	7	3	2	42	5	5	8	49	13	10	7	22	12	4	1	2	4	0	2	1	3	1	0	1	3	8	1	3	2	10	2	4	7	4	2	1	6	4	1	4	7	8	7	1	4	0	1	1	3	2	1	1	11	0	1	1	0	2	0	1	5	PD44887_57_branch_snp
110	19	4	39	148	24	11	99	253	27	4	121	294	118	12	440	4	5	0	1	1	2	0	1	2	3	0	0	3	1	0	7	18	13	156	11	16	14	67	14	9	17	86	14	25	12	50	21	2	5	4	5	0	3	1	2	2	0	0	1	8	2	5	9	11	8	12	18	5	4	6	9	7	4	6	3	8	9	2	8	2	2	2	5	0	2	3	1	1	1	1	1	3	3	4	4	PD44887_5_branch_snp
19	6	1	23	48	9	5	26	80	6	2	40	77	29	6	126	2	1	1	2	1	0	0	1	0	0	0	0	0	0	0	2	5	1	43	4	2	4	14	3	4	4	20	4	4	7	21	6	0	0	1	2	2	2	1	1	0	0	1	0	1	0	1	3	6	3	0	2	2	2	3	0	1	0	1	1	2	1	3	2	0	0	0	3	1	0	0	0	0	0	0	1	2	0	0	1	PD44887_63_branch_snp
91	27	2	43	127	25	17	89	268	28	11	130	276	112	13	427	2	4	1	2	0	2	0	5	1	3	1	2	5	5	1	6	25	12	135	13	15	19	60	18	14	14	91	14	18	17	59	18	3	1	6	9	1	4	3	2	1	1	1	4	4	1	2	7	20	7	16	14	6	11	5	4	7	10	6	6	8	4	4	5	3	1	4	2	1	4	5	4	2	0	3	0	1	2	4	13	PD44887_6_branch_snp
91	12	9	35	168	47	12	121	244	51	8	164	321	139	23	457	0	4	1	3	1	0	0	3	1	0	1	2	1	4	0	6	11	12	93	17	14	10	56	17	12	11	80	12	7	12	34	20	1	5	6	8	0	3	2	0	2	1	1	4	11	1	0	9	4	4	4	11	4	2	4	5	6	3	2	3	9	3	1	2	1	1	2	2	3	2	3	8	2	0	0	0	0	1	2	5	PD44887_7_branch_snp
112	17	7	51	139	32	11	93	263	43	7	146	324	139	21	438	7	2	1	6	1	2	0	3	3	1	1	3	3	2	0	5	16	10	106	12	13	9	72	17	8	11	75	6	17	15	40	10	1	2	6	1	1	2	0	1	0	0	0	5	9	2	4	7	10	7	11	11	5	4	4	8	4	5	4	10	7	4	2	10	1	1	2	5	1	1	2	3	0	0	1	2	6	1	4	3	PD44887_8_branch_snp
112	16	3	59	163	29	11	86	252	27	11	159	310	134	33	433	0	3	0	8	1	3	0	3	1	3	0	2	4	3	0	9	14	6	127	10	16	16	57	18	11	13	67	13	10	17	47	14	2	3	3	9	3	2	2	7	0	1	3	4	8	2	3	3	10	8	1	9	3	7	9	3	4	3	9	11	6	3	2	8	1	0	0	1	1	0	3	2	0	0	1	2	0	0	2	2	PD44887_9_branch_snp
11	4	0	11	35	13	2	28	39	12	0	20	59	34	4	72	2	1	0	0	1	0	0	0	0	0	1	0	0	0	0	2	2	1	14	1	1	0	7	0	2	4	7	1	1	3	2	0	0	0	0	2	0	0	2	2	0	0	0	0	1	2	1	2	1	0	0	5	2	0	1	1	0	0	0	0	0	2	0	1	0	0	0	0	0	1	0	3	0	0	0	0	1	0	0	1	PD44888_10_branch_snp
3	0	1	8	16	3	0	9	12	6	0	15	25	11	4	29	0	0	0	1	0	1	0	0	0	0	0	0	0	0	0	2	0	0	3	0	0	0	6	1	2	2	6	0	0	2	4	2	1	0	0	1	0	0	0	0	0	0	0	0	1	0	0	0	0	0	0	2	0	0	0	1	0	0	0	0	0	0	1	0	0	0	1	0	0	1	0	1	0	0	0	0	0	0	0	0	PD44888_11_branch_snp
65	21	5	40	113	32	12	116	148	29	8	97	327	161	31	391	2	0	0	3	1	1	0	1	0	1	1	1	1	2	0	4	7	1	39	6	6	4	20	3	4	3	48	2	9	4	11	9	2	1	1	10	1	2	2	0	0	1	2	0	5	1	0	7	6	4	1	9	4	3	3	0	5	3	2	3	5	4	0	5	2	1	1	1	0	0	0	6	1	0	3	0	0	0	1	3	PD44888_12_branch_snp
68	16	4	58	154	54	11	125	204	48	15	173	391	212	28	549	1	1	0	0	0	0	0	2	0	1	0	0	3	1	1	4	12	7	74	12	6	3	46	8	6	6	37	10	8	11	30	8	2	2	1	5	1	1	2	1	0	0	1	1	3	0	3	3	5	2	9	4	6	2	6	4	1	5	0	3	4	5	1	3	1	0	0	0	0	0	0	2	0	0	1	1	1	0	0	0	PD44888_13_branch_snp
79	18	6	60	125	43	9	151	191	38	8	168	412	218	27	488	2	0	0	2	0	1	0	3	0	1	2	1	1	1	1	4	15	13	96	11	5	10	42	8	10	8	41	9	6	16	28	10	4	1	1	7	3	1	1	2	2	1	0	1	6	5	0	3	7	5	5	11	1	2	1	3	3	1	2	5	1	2	2	5	0	1	4	3	0	0	0	2	1	0	0	0	3	1	0	3	PD44888_14_branch_snp
66	19	4	48	148	46	11	118	183	40	8	146	417	198	23	550	3	3	1	2	2	0	1	3	1	0	0	1	2	2	0	3	13	10	79	15	5	4	38	8	9	6	53	12	10	10	29	10	3	3	4	5	1	3	5	2	1	0	0	3	12	2	0	4	9	3	4	8	1	1	5	1	9	1	4	8	1	4	3	6	1	1	0	4	1	0	2	2	1	1	1	0	1	1	3	5	PD44888_15_branch_snp
62	23	8	50	142	42	6	108	202	34	9	127	418	198	25	467	5	7	1	5	1	4	2	2	2	1	0	1	3	2	0	5	15	11	71	12	7	18	52	12	4	19	53	14	12	9	30	13	8	7	4	7	0	4	5	4	0	1	1	0	1	2	2	1	6	8	9	9	1	6	9	7	7	3	9	12	5	3	6	9	2	3	2	3	2	2	1	0	2	0	2	1	3	3	3	1	PD44888_16_branch_snp
74	28	5	41	136	35	11	109	207	37	12	150	396	209	23	501	5	2	0	0	1	3	0	1	0	1	0	3	3	3	0	4	7	14	64	14	12	12	43	11	18	13	57	17	9	8	32	7	3	6	3	3	2	0	2	2	0	0	0	1	3	2	0	9	16	6	9	11	8	8	4	5	5	1	5	5	9	0	5	8	1	2	2	0	1	3	4	0	1	0	0	0	0	2	2	3	PD44888_17_branch_snp
90	17	3	47	142	38	11	111	191	33	7	131	402	219	29	475	3	3	1	4	1	2	0	4	4	0	1	1	2	1	0	2	11	13	102	8	8	9	56	4	9	12	63	11	13	15	31	10	7	4	3	7	1	0	3	0	1	0	0	3	4	1	1	2	10	5	7	17	5	1	3	6	5	3	5	5	6	2	4	4	4	1	0	1	0	0	4	1	0	0	0	0	2	3	2	7	PD44888_18_branch_snp
79	13	2	54	152	39	20	105	230	35	5	142	375	185	23	507	2	3	2	6	1	2	2	3	1	1	1	1	2	0	1	5	16	11	79	11	6	15	35	11	12	18	56	14	11	11	16	9	1	2	3	7	2	3	2	5	1	3	1	1	7	3	1	0	13	4	8	13	4	7	4	2	4	3	3	8	6	8	3	11	2	2	4	2	1	1	0	5	0	0	0	1	3	0	3	3	PD44888_19_branch_snp
68	18	5	47	135	44	12	127	190	41	7	141	388	196	23	510	1	6	0	3	1	4	2	6	2	8	0	5	5	2	1	6	14	16	65	14	6	13	42	11	7	20	41	11	16	21	32	8	1	4	7	3	0	1	3	3	0	1	1	1	3	4	0	4	16	6	7	18	3	4	7	6	6	2	3	7	6	5	4	4	4	2	1	0	0	0	0	0	0	0	1	4	0	1	2	4	PD44888_1_branch_snp
22	7	4	12	48	15	8	47	50	11	2	45	115	58	13	166	2	1	0	1	0	0	0	0	0	1	0	0	1	0	0	0	3	1	14	3	3	1	7	2	1	0	19	4	2	1	9	5	2	2	3	3	1	0	0	1	0	1	1	1	1	0	0	2	2	1	4	4	1	2	1	0	2	0	1	1	3	0	0	0	0	0	1	0	0	1	2	1	0	1	0	0	1	0	0	2	PD44888_20_branch_snp
33	6	3	24	50	15	4	56	69	16	1	50	148	71	5	212	3	0	0	0	1	1	1	0	1	2	0	0	1	1	0	1	8	1	28	4	4	1	12	3	1	5	24	4	2	1	12	5	0	0	1	1	0	1	1	1	0	1	1	1	2	2	0	1	2	0	2	4	1	1	2	0	2	0	3	1	1	3	1	2	1	1	1	1	1	2	0	1	0	0	0	0	0	0	1	4	PD44888_21_branch_snp
86	18	8	56	155	47	20	142	180	57	6	123	428	206	26	491	2	0	0	1	1	0	0	3	1	0	0	1	6	4	0	4	9	4	53	0	7	4	40	4	7	5	52	9	14	10	37	12	5	5	5	7	1	2	2	0	2	1	0	1	8	2	2	3	8	1	2	9	4	6	7	4	5	9	5	6	5	5	3	5	3	1	3	1	0	2	2	4	1	1	1	0	2	0	3	7	PD44888_22_branch_snp
60	30	1	51	151	48	11	135	176	36	6	143	400	212	33	553	0	2	0	3	4	0	1	4	1	1	0	1	2	2	0	2	8	2	63	4	11	15	42	8	8	13	56	10	4	10	27	6	2	3	7	4	2	2	0	4	1	1	1	3	2	2	2	6	7	6	7	13	1	1	3	4	5	4	6	5	7	1	6	6	1	0	4	1	0	0	2	1	2	0	1	0	0	2	3	3	PD44888_23_branch_snp
54	19	1	41	134	40	13	134	192	36	6	128	375	207	27	512	5	3	1	3	2	2	2	5	1	5	0	3	2	2	0	3	16	14	94	18	14	21	52	13	6	9	47	9	7	16	30	14	6	2	2	4	4	1	2	1	2	0	0	3	4	1	2	5	12	4	17	10	3	3	7	2	3	5	3	8	4	3	3	3	3	0	2	2	1	2	2	1	3	0	1	1	2	1	4	8	PD44888_24_branch_snp
63	28	5	51	137	42	15	128	190	26	14	140	435	255	26	501	2	1	0	1	3	1	3	3	0	1	1	1	1	1	1	3	10	8	68	8	5	7	39	14	6	11	48	9	9	9	37	9	3	2	2	8	3	2	4	3	3	0	0	2	6	0	1	2	8	2	4	9	4	3	2	1	4	1	2	3	6	6	1	3	1	0	2	4	2	1	2	1	0	2	0	1	3	0	1	4	PD44888_25_branch_snp
70	24	4	51	126	37	9	123	191	28	5	133	410	188	21	499	4	4	1	4	1	2	0	2	2	3	0	3	0	2	1	7	12	6	82	15	15	13	49	7	6	10	61	12	8	12	34	13	7	2	4	6	0	4	3	8	2	0	1	3	4	1	0	2	14	7	5	12	6	7	6	6	4	6	2	9	5	6	7	3	4	2	1	6	0	2	4	1	1	4	2	2	1	2	1	5	PD44888_2_branch_snp
82	23	3	28	143	44	19	109	217	47	7	150	396	180	27	522	5	3	2	0	1	2	0	1	1	4	0	2	2	1	1	8	18	2	83	15	5	5	49	7	11	11	48	8	9	10	31	10	1	6	1	8	2	1	0	4	1	1	3	0	4	0	0	5	8	2	6	13	1	3	4	4	5	9	1	4	3	7	2	10	2	1	2	0	4	0	4	3	2	0	0	1	1	0	2	7	PD44888_31_branch_snp
88	18	5	42	152	44	17	115	198	36	8	153	430	207	41	491	1	3	1	2	1	1	2	2	3	3	1	1	2	2	0	8	10	3	46	7	8	9	43	12	11	11	44	9	14	11	29	8	1	3	4	8	0	1	0	2	4	0	1	3	5	3	2	2	11	3	7	13	3	2	5	4	2	6	3	4	5	2	1	10	3	2	0	2	0	0	0	4	1	0	1	2	4	2	2	4	PD44888_34_branch_snp
13	11	1	9	27	11	3	24	36	8	2	24	86	61	5	104	0	0	0	2	0	1	0	0	1	0	0	0	1	0	0	1	1	0	3	0	0	0	3	0	1	0	6	2	4	0	3	0	0	0	0	1	0	0	0	1	0	0	0	1	3	0	0	0	2	0	1	0	1	1	1	0	0	1	0	0	1	0	0	3	0	0	0	0	0	0	0	1	0	0	0	0	0	0	0	1	PD44888_35_branch_snp
81	25	8	70	139	62	15	137	176	38	12	149	444	236	29	487	6	6	1	3	1	2	0	0	0	2	0	1	4	1	3	8	7	4	46	6	4	5	27	10	6	6	41	8	13	0	17	5	3	4	2	7	0	2	1	3	0	2	0	3	10	1	1	14	6	3	2	6	5	2	1	4	5	3	3	4	6	3	3	6	2	0	2	2	1	1	3	7	1	1	0	4	3	0	1	6	PD44888_36_branch_snp
86	27	9	61	145	50	10	118	204	46	10	151	424	290	32	510	3	1	0	6	3	1	0	3	0	1	0	2	1	1	0	3	8	4	38	7	3	3	29	4	7	5	30	5	6	4	9	12	1	1	3	5	0	0	1	1	2	1	2	0	10	0	0	4	8	1	3	7	4	1	2	2	7	4	5	6	7	2	3	5	3	1	2	2	1	0	2	4	0	0	1	0	6	0	3	5	PD44888_37_branch_snp
98	38	3	59	130	54	23	126	193	36	11	147	463	271	41	518	2	0	1	3	0	0	0	0	0	1	0	1	3	0	0	3	4	2	35	4	6	4	24	4	4	4	32	6	4	4	11	8	3	0	2	9	1	1	1	2	0	3	0	2	9	3	1	7	8	0	4	5	3	1	2	1	6	1	4	6	7	3	1	4	2	1	1	2	1	1	1	3	0	0	0	1	0	0	4	2	PD44888_38_branch_snp
45	27	1	31	110	34	11	99	86	27	6	81	249	141	21	297	5	0	1	1	1	0	0	1	0	0	1	1	5	2	0	5	2	4	35	1	11	5	32	3	2	7	29	5	11	5	11	9	1	0	3	10	0	2	1	3	0	0	1	1	9	1	2	3	5	4	2	8	2	2	4	2	4	1	0	3	2	3	1	4	0	1	1	2	0	2	1	6	0	0	0	1	0	0	2	1	PD44888_39_branch_snp
65	23	3	40	141	45	14	115	184	31	10	119	408	193	27	491	3	5	0	6	3	1	0	2	1	1	1	0	4	2	0	9	15	14	82	8	3	9	49	14	8	22	48	11	16	7	45	5	2	2	2	5	4	4	5	6	2	2	2	2	5	3	6	8	11	5	7	12	3	5	6	4	9	7	7	4	7	8	3	9	3	1	1	5	2	1	2	3	0	2	0	1	1	3	0	5	PD44888_3_branch_snp
3	0	0	5	15	2	1	18	12	1	0	1	12	7	1	17	0	0	0	0	0	0	0	1	0	0	0	0	1	0	0	0	0	1	9	0	1	0	4	1	0	0	1	1	1	0	2	0	0	0	0	0	0	0	0	0	0	1	0	0	1	0	0	0	0	2	0	0	0	1	0	0	0	0	0	0	0	0	0	0	0	0	0	0	0	0	0	0	0	0	1	0	0	0	0	0	PD44888_40_branch_snp
56	27	5	53	144	38	17	114	190	38	13	136	380	189	37	515	2	2	0	4	0	1	1	5	1	2	1	0	2	2	2	2	10	11	92	16	9	11	44	12	7	10	66	7	10	19	44	8	1	0	4	4	1	1	4	3	2	1	3	4	4	1	2	6	13	2	8	7	4	2	3	3	4	5	2	5	6	7	3	8	1	0	2	4	1	1	0	3	0	0	1	3	1	0	0	5	PD44888_45_branch_snp
74	22	5	54	145	52	18	137	194	36	14	162	424	204	38	504	2	0	1	2	2	0	0	1	1	1	0	1	1	2	1	4	8	6	66	6	6	4	47	17	7	14	36	7	10	9	23	10	1	2	3	5	2	1	2	1	0	1	3	1	9	2	2	5	5	5	2	4	6	3	4	4	7	3	4	2	6	3	3	3	2	0	1	2	0	1	0	3	0	0	0	0	2	1	1	5	PD44888_46_branch_snp
41	8	6	27	58	32	5	78	90	9	4	68	199	126	16	263	0	2	0	1	0	2	0	0	0	0	0	0	3	2	0	2	5	1	25	3	2	2	13	3	3	0	27	3	2	4	5	2	1	0	1	4	0	1	1	1	0	0	0	1	5	0	1	1	4	1	3	3	2	0	3	0	1	3	1	1	0	2	1	3	0	2	1	1	0	0	0	0	1	0	0	1	0	1	1	1	PD44888_47_branch_snp
48	11	2	29	105	21	8	69	95	14	5	61	193	107	19	269	2	3	1	2	1	1	0	1	0	0	0	0	2	1	1	5	9	8	62	8	5	1	37	8	4	6	35	4	6	5	26	8	6	1	4	4	0	1	3	2	0	0	2	0	1	0	1	4	6	3	3	8	2	1	6	2	4	4	1	3	2	1	1	4	1	2	1	0	0	1	1	0	1	0	0	2	2	0	2	1	PD44888_49_branch_snp
86	18	2	52	136	42	9	112	191	32	10	115	402	192	34	448	4	3	3	5	1	0	1	7	2	0	0	6	3	4	0	2	16	11	86	16	14	15	44	11	10	18	69	10	3	12	40	19	6	2	3	8	1	4	2	2	2	0	2	1	8	3	1	2	7	3	10	14	5	3	5	4	6	5	7	8	3	7	3	7	3	1	3	2	1	0	4	2	2	0	2	4	4	2	2	8	PD44888_4_branch_snp
81	15	9	47	160	47	9	123	192	26	9	117	390	209	22	460	3	4	2	2	0	1	2	2	3	3	0	3	9	5	1	6	4	13	95	12	11	6	36	10	8	16	60	15	10	15	33	12	4	1	5	2	1	3	4	1	3	0	2	1	6	6	3	3	13	2	6	13	4	7	6	6	6	4	4	6	6	5	3	13	1	2	0	4	2	0	2	4	0	0	0	1	4	5	4	4	PD44888_5_branch_snp
6	3	2	8	12	6	6	12	21	4	1	22	40	25	2	61	2	0	0	0	0	0	0	0	0	0	0	1	1	0	0	2	3	1	5	3	0	0	3	3	1	2	12	1	0	2	2	2	0	0	1	2	0	0	2	0	0	0	0	0	2	0	0	1	2	0	0	2	0	0	0	2	0	0	1	0	2	0	0	1	0	0	0	1	1	0	0	0	0	0	0	0	1	0	0	0	PD44888_6_branch_snp
6	5	1	9	16	4	3	21	21	3	1	24	53	29	5	55	1	0	0	0	0	0	0	0	0	0	0	0	0	1	1	0	2	1	9	3	1	1	2	4	1	3	15	1	1	6	0	1	1	1	2	2	0	1	0	0	0	1	0	0	1	0	0	1	1	0	0	1	0	0	0	0	1	1	3	1	1	2	0	0	3	0	3	0	0	0	0	0	0	0	1	1	1	0	1	3	PD44888_7_branch_snp
68	29	4	35	166	51	22	126	177	33	12	123	337	207	33	424	0	1	0	5	1	1	0	2	2	0	0	0	1	0	1	4	11	7	46	4	3	5	26	5	8	7	35	1	15	7	14	6	6	3	5	5	0	4	1	3	1	0	0	0	9	0	2	3	6	3	6	2	2	2	1	4	5	4	2	6	3	5	1	5	1	1	0	3	1	2	2	2	0	1	0	1	0	1	2	5	PD44888_8_branch_snp
74	22	10	41	156	62	21	146	203	33	11	136	396	214	22	477	2	2	0	2	0	3	1	2	1	1	0	3	4	2	0	15	13	6	58	10	7	4	30	12	8	11	47	5	14	7	31	17	2	1	1	8	0	1	3	2	0	2	1	3	15	1	3	5	11	5	4	3	7	1	4	2	7	0	6	1	6	1	7	7	1	2	0	1	0	3	3	13	0	1	1	3	2	1	2	5	PD44888_9_branch_snp
16	2	1	6	18	4	2	23	24	2	0	21	38	27	3	60	0	0	0	0	0	0	0	1	0	1	0	1	1	0	0	0	2	2	9	1	0	1	5	2	0	2	8	1	1	2	2	1	1	1	0	0	0	0	0	0	0	0	0	0	0	0	0	0	0	1	0	1	0	0	1	0	0	0	0	1	0	1	0	2	0	0	0	0	0	0	1	0	0	0	0	0	0	0	0	1	PD44889_10_branch_snp
82	24	6	45	148	34	9	129	218	27	10	105	403	167	20	475	4	0	2	7	3	1	1	4	2	2	1	1	6	2	0	3	15	7	87	7	14	12	54	6	12	15	61	13	8	16	39	10	1	2	2	5	3	0	5	7	2	1	3	2	7	1	1	10	9	7	8	12	4	3	4	3	8	6	4	6	6	7	3	5	5	3	1	4	0	3	3	1	0	0	2	4	5	0	1	4	PD44889_11_branch_snp
63	20	3	40	152	40	10	118	202	34	9	127	423	185	21	485	5	1	1	5	2	2	0	0	1	0	0	2	3	5	0	11	14	10	112	9	6	11	43	11	14	14	61	9	15	10	35	13	3	5	2	8	0	2	0	4	0	1	1	4	2	0	1	5	10	5	6	13	2	5	5	6	5	2	9	5	4	4	4	4	0	0	4	0	0	3	0	0	1	0	1	0	2	1	0	4	PD44889_12_branch_snp
74	19	4	42	133	25	15	116	188	31	12	124	425	223	35	485	1	0	0	5	2	2	2	3	3	0	0	0	5	1	0	6	6	8	86	10	7	10	55	9	7	8	69	12	17	13	32	7	4	4	5	8	0	1	3	1	1	0	1	3	6	2	2	2	12	4	4	10	5	5	4	8	5	3	4	5	5	4	4	4	0	1	4	1	1	2	1	2	4	0	1	1	3	1	0	12	PD44889_13_branch_snp
65	28	5	44	144	38	13	119	209	30	8	123	405	206	30	524	4	0	1	2	0	1	0	1	1	3	0	1	3	4	2	6	10	13	76	10	18	10	54	4	9	8	54	7	9	9	29	10	3	3	3	4	4	6	1	5	0	3	1	2	4	2	2	6	10	4	12	10	2	1	4	5	3	4	1	6	1	2	2	8	2	0	4	4	1	0	2	3	0	1	1	1	2	0	2	3	PD44889_14_branch_snp
72	26	7	43	157	44	12	113	217	31	9	127	441	208	24	457	3	4	0	1	2	1	0	3	0	2	0	2	1	2	1	11	16	11	88	16	10	10	44	8	9	16	53	7	14	11	21	9	2	3	3	4	2	2	4	7	2	1	0	3	4	2	2	7	7	4	3	14	1	1	3	6	3	2	3	5	2	5	3	8	1	0	1	1	0	1	3	3	2	0	1	1	0	0	2	2	PD44889_15_branch_snp
70	21	1	43	160	39	8	113	193	41	7	141	420	218	30	503	7	1	0	5	0	1	1	4	2	0	0	2	2	3	3	5	12	7	88	13	7	9	42	12	9	12	44	16	10	10	23	10	3	4	4	2	0	2	3	2	1	1	0	4	7	0	2	2	6	2	5	10	6	2	4	5	3	5	5	2	7	3	1	4	2	1	2	2	0	1	2	3	0	0	1	1	0	2	4	4	PD44889_16_branch_snp
56	26	4	43	148	47	9	118	219	34	9	124	427	200	38	487	1	1	2	1	1	3	2	3	2	0	0	2	2	2	1	4	16	12	88	15	6	7	36	6	9	13	58	5	15	11	45	10	4	2	2	4	1	2	5	1	0	2	1	4	2	1	2	6	11	3	1	11	0	0	6	1	3	2	4	8	2	6	6	4	3	3	2	2	0	0	1	2	0	1	2	1	0	1	2	5	PD44889_17_branch_snp
68	18	6	46	154	42	14	121	193	22	10	132	448	219	16	477	5	1	0	1	1	2	1	0	3	0	1	1	2	4	0	4	13	11	85	5	6	7	35	11	7	11	49	8	13	10	41	21	3	3	4	8	4	3	6	3	1	0	1	2	9	3	3	7	11	3	6	11	0	5	1	1	5	4	7	2	7	2	2	9	0	1	2	1	1	0	2	0	1	1	2	1	0	2	1	4	PD44889_18_branch_snp
71	20	2	62	149	44	13	106	211	35	10	138	407	183	37	487	3	3	0	9	3	1	0	2	0	2	0	3	2	4	0	8	16	6	90	11	7	16	35	12	6	19	63	6	3	16	33	13	2	1	2	3	4	1	0	5	1	3	1	2	3	1	1	7	7	4	6	14	1	4	5	1	7	3	3	6	7	6	0	4	0	1	2	2	1	0	0	2	2	0	0	0	3	1	2	2	PD44889_19_branch_snp
10	9	1	5	25	9	2	19	33	7	1	28	66	47	4	71	0	0	1	1	1	0	0	0	0	0	0	0	0	0	0	2	1	2	17	1	1	0	7	1	0	1	11	2	0	4	5	3	1	4	0	0	1	0	0	2	0	0	0	0	5	0	2	1	0	1	1	2	0	1	0	0	1	0	0	0	1	2	0	0	0	0	0	0	0	0	0	1	0	0	0	0	0	0	1	0	PD44889_1_branch_snp
62	14	5	52	158	34	9	124	198	35	10	129	437	201	14	475	3	0	1	3	1	2	0	6	1	2	0	1	2	2	1	8	16	10	74	11	7	8	39	12	10	11	59	13	16	18	32	12	3	6	6	6	1	5	1	7	1	3	1	4	4	2	0	3	11	2	2	15	5	3	5	4	5	4	3	6	6	2	5	3	0	2	5	4	1	0	1	1	0	0	2	2	3	0	3	4	PD44889_20_branch_snp
61	13	4	55	156	31	7	129	228	32	9	129	402	211	21	493	7	3	2	5	0	0	1	1	1	1	0	1	3	1	0	7	12	4	86	3	3	6	58	11	6	4	63	11	18	13	50	10	3	1	2	3	0	5	2	0	0	1	1	1	6	0	1	2	8	7	5	6	5	4	2	4	6	5	3	3	5	6	5	5	1	1	1	2	0	1	2	2	0	0	0	2	0	3	2	4	PD44889_21_branch_snp
70	28	6	46	132	41	17	122	188	28	20	139	398	212	23	466	6	1	0	5	1	2	1	1	2	0	0	1	2	2	0	6	12	7	82	8	4	10	54	6	8	11	61	14	9	14	40	13	5	8	8	3	6	2	0	2	1	1	1	2	4	0	2	7	11	4	8	19	2	4	6	2	5	5	1	5	3	3	7	12	2	2	1	4	0	3	3	2	1	2	0	1	2	0	6	3	PD44889_22_branch_snp
86	25	6	48	138	36	10	95	208	37	8	115	413	193	25	501	1	1	0	2	0	3	1	5	3	3	0	2	1	3	1	4	15	12	88	8	15	9	52	11	8	9	56	13	6	7	43	17	5	1	1	7	2	1	3	2	2	2	0	6	3	2	2	5	11	3	9	8	5	5	4	6	8	5	2	6	5	4	6	7	3	0	0	1	0	1	2	1	1	1	0	1	2	2	0	4	PD44889_23_branch_snp
81	21	9	64	145	31	14	129	185	27	12	131	455	205	32	461	3	1	0	1	3	2	0	1	0	0	1	2	3	2	0	2	18	9	88	9	6	6	50	9	6	14	52	6	6	8	37	9	4	3	1	9	4	1	0	5	1	0	2	3	2	2	1	9	5	2	5	7	2	2	5	4	4	5	3	8	6	7	2	6	2	0	3	2	1	1	1	0	0	1	1	3	1	2	2	4	PD44889_24_branch_snp
76	18	5	46	151	42	7	120	231	39	7	137	429	187	24	474	2	1	0	7	0	1	1	2	2	1	0	4	3	4	1	5	10	8	88	17	9	8	47	11	8	15	49	8	8	11	37	12	3	3	5	6	3	2	2	1	1	0	2	3	8	2	0	5	8	2	2	3	3	4	6	3	6	3	4	9	3	2	7	4	1	1	1	2	0	0	0	0	1	0	1	0	2	1	0	2	PD44889_25_branch_snp
90	25	7	44	141	35	16	125	171	32	14	125	420	193	32	510	4	4	0	6	3	3	1	3	1	3	0	6	3	4	2	9	12	9	74	11	6	6	37	12	11	6	51	18	7	15	27	8	0	4	6	5	1	4	2	3	1	1	0	3	5	3	0	6	11	2	7	3	2	5	4	10	3	4	3	6	6	2	6	9	3	1	1	3	1	0	4	4	0	0	3	1	2	2	1	5	PD44889_26_branch_snp
6	1	1	2	15	3	2	13	17	4	0	10	38	12	3	36	0	0	0	0	0	1	0	0	0	1	0	0	0	0	0	0	1	0	10	1	0	0	4	0	0	0	6	0	1	2	3	2	0	1	0	0	0	1	0	0	0	0	1	1	2	0	0	0	1	1	1	1	0	1	0	1	0	0	0	3	1	0	0	1	0	0	0	0	0	0	0	0	1	0	0	0	2	0	0	0	PD44889_27_branch_snp
0	5	0	4	14	0	0	6	10	2	0	7	15	9	1	19	0	0	0	0	0	0	0	0	0	0	0	0	1	0	0	2	2	0	8	0	2	0	3	2	0	1	2	0	2	0	0	0	1	0	0	0	0	0	0	0	0	0	0	0	1	2	0	1	1	0	0	0	1	1	0	1	0	0	1	0	0	0	0	0	0	0	1	0	0	0	0	0	0	0	0	0	1	0	0	0	PD44889_28_branch_snp
59	28	3	61	161	33	14	121	189	33	8	119	431	192	29	470	4	2	0	1	1	4	1	1	2	0	0	2	0	1	1	2	10	15	75	11	12	12	54	8	12	11	58	13	12	8	26	10	2	8	3	5	1	2	5	5	2	1	0	4	5	5	1	11	13	4	3	16	2	4	10	4	2	10	4	4	4	3	2	8	1	1	4	1	2	2	3	1	0	2	3	1	1	0	0	5	PD44889_29_branch_snp
19	5	0	10	49	14	2	34	55	18	3	41	121	69	6	122	0	2	0	4	0	0	0	0	0	1	0	0	1	0	1	2	3	5	20	0	3	1	11	3	0	8	28	1	6	4	8	3	0	2	2	2	2	1	1	0	0	0	0	0	3	0	1	0	2	0	2	3	2	1	0	4	1	1	4	0	3	3	0	1	0	0	0	0	0	0	0	0	0	0	0	0	1	0	1	1	PD44889_2_branch_snp
49	15	4	30	112	26	1	92	116	26	10	84	275	165	14	310	1	0	1	6	2	2	0	2	1	3	0	2	1	2	0	5	6	0	53	3	6	4	41	6	1	5	58	4	9	8	40	7	3	2	3	12	4	1	0	3	1	2	2	0	10	1	3	9	3	2	2	6	1	3	3	4	5	4	3	6	4	1	2	6	1	0	1	1	1	1	0	1	0	0	0	1	2	2	2	3	PD44889_30_branch_snp
3	2	0	2	9	2	1	2	10	3	1	3	15	16	2	30	0	0	0	0	0	0	0	0	1	0	0	0	0	0	0	0	0	0	4	0	0	0	4	2	0	2	5	0	1	0	0	1	1	0	0	0	0	0	0	0	0	1	0	0	0	0	0	0	0	0	0	0	1	0	0	0	0	0	0	1	0	0	0	0	0	0	0	0	0	0	0	1	0	0	0	0	0	0	0	0	PD44889_32_branch_snp
94	25	4	41	157	44	13	149	185	21	9	121	427	236	28	476	1	5	0	0	0	1	0	2	2	0	0	2	2	0	0	7	11	5	84	13	7	7	43	6	5	9	74	4	6	6	36	9	1	5	0	5	1	2	2	3	2	0	1	5	7	1	0	2	8	0	6	7	2	2	1	5	6	2	4	7	2	4	1	7	3	2	1	3	1	0	1	0	1	2	1	2	1	1	0	3	PD44889_33_branch_snp
76	16	7	42	164	47	19	134	206	47	6	156	414	215	30	502	0	3	0	1	2	0	2	2	2	1	0	1	2	1	0	8	7	6	64	13	7	9	29	5	3	3	47	6	9	10	41	6	2	1	1	6	1	0	3	3	1	1	0	1	4	4	0	4	11	5	7	9	5	3	2	6	4	4	5	5	5	1	5	7	0	0	0	1	1	0	2	0	0	1	1	1	1	2	0	3	PD44889_38_branch_snp
76	26	6	49	166	33	13	129	197	32	10	137	416	233	25	460	3	3	2	3	0	2	0	6	3	1	0	1	6	1	1	13	7	8	72	7	6	10	34	15	7	14	44	9	11	7	36	12	4	4	5	6	2	0	3	4	3	0	1	2	6	4	2	8	11	3	4	6	4	2	4	5	6	3	0	2	6	3	3	5	1	0	0	2	0	2	2	3	0	0	2	3	2	2	0	8	PD44889_39_branch_snp
23	6	1	9	51	8	2	33	46	13	4	34	96	64	8	115	2	0	0	2	0	0	0	0	0	0	0	0	3	0	0	4	1	1	26	1	2	0	11	0	2	1	8	6	3	3	14	3	4	1	1	2	1	1	0	1	0	0	0	0	3	0	0	1	3	2	1	4	1	0	1	0	1	2	1	1	2	2	0	0	0	0	0	1	1	0	0	2	0	0	0	0	1	0	0	2	PD44889_3_branch_snp
29	16	1	25	64	19	10	43	48	15	3	44	152	57	11	155	1	2	1	4	1	1	0	2	0	1	0	0	1	2	0	3	5	2	44	3	1	2	23	4	4	5	33	3	5	5	13	6	2	1	1	3	1	2	3	1	0	0	0	2	5	1	1	2	4	2	3	7	1	2	1	1	1	0	2	3	5	3	2	3	0	0	1	0	0	0	1	4	1	0	0	0	1	0	1	4	PD44889_40_branch_snp
7	6	0	9	27	7	3	17	14	1	0	16	44	26	6	45	0	0	0	0	1	0	0	0	1	0	0	0	0	1	0	0	0	2	8	5	0	1	7	1	1	1	9	1	0	2	6	1	0	0	0	0	0	0	0	0	0	0	1	0	1	0	0	1	1	1	0	1	1	0	0	0	0	1	0	0	2	0	1	0	0	0	0	0	0	0	0	0	0	0	1	0	0	0	0	0	PD44889_41_branch_snp
7	3	0	8	23	5	2	18	12	4	1	13	39	21	2	45	0	0	0	0	0	0	0	1	0	0	0	1	0	1	0	0	0	0	12	2	0	0	11	0	3	0	5	1	2	2	2	0	1	1	0	1	0	1	1	1	0	0	0	0	1	0	0	2	1	1	1	0	0	0	1	0	0	0	0	0	0	0	0	0	1	1	0	0	0	0	0	2	0	0	0	0	0	0	0	1	PD44889_44_branch_snp
34	18	2	32	106	37	6	84	97	22	7	79	220	122	22	234	3	3	0	4	2	0	1	0	0	1	0	2	3	0	0	3	8	3	63	4	5	5	35	9	4	9	52	4	3	9	17	11	1	1	1	7	2	1	2	2	0	0	1	3	4	2	0	4	3	3	5	6	2	3	0	3	2	1	6	3	7	3	0	4	0	1	0	1	0	1	0	2	0	0	1	2	1	0	1	4	PD44889_45_branch_snp
11	0	0	11	19	11	2	27	31	4	0	13	43	22	4	58	0	0	1	0	0	0	0	0	0	0	0	0	0	0	0	0	5	0	28	3	0	0	8	1	0	0	14	1	3	1	4	0	1	0	0	3	0	0	0	0	0	0	0	0	0	0	0	2	2	1	2	5	1	0	0	0	2	0	0	1	4	0	1	3	0	0	0	0	0	0	1	0	0	0	0	1	0	0	0	2	PD44889_49_branch_snp
14	2	2	13	44	9	3	38	42	9	3	29	88	47	8	108	0	0	1	0	1	1	0	0	0	0	0	0	1	0	0	3	1	0	12	3	1	0	18	1	0	2	17	0	5	1	11	2	2	1	1	1	1	0	0	3	1	0	0	0	2	0	0	1	2	1	2	5	0	0	0	0	1	0	1	0	1	0	0	2	0	0	1	0	0	0	0	2	0	0	0	0	0	1	0	1	PD44889_4_branch_snp
30	3	3	12	43	8	1	37	65	9	3	33	122	49	3	121	1	2	0	0	0	0	0	0	1	0	1	0	0	0	0	1	3	4	19	2	1	1	14	3	1	3	12	3	1	1	9	1	1	0	0	0	0	0	0	2	0	0	0	0	1	0	0	1	2	1	2	1	1	0	1	1	1	3	1	2	1	4	2	2	0	0	0	0	0	0	0	1	0	0	0	0	0	1	0	0	PD44889_50_branch_snp
10	2	0	3	13	3	2	12	26	2	0	16	40	16	3	41	0	0	0	0	0	0	0	1	0	0	0	0	0	0	0	0	1	0	12	1	0	0	5	0	0	1	2	2	1	1	6	0	0	1	0	3	0	0	0	0	1	0	0	0	0	0	0	0	1	0	1	4	1	2	1	0	0	0	0	3	0	0	0	0	0	0	0	0	1	1	0	0	0	0	0	1	1	0	1	1	PD44889_54_branch_snp
7	2	0	3	19	3	1	12	23	4	0	15	30	21	3	39	0	0	1	1	1	0	0	2	0	0	0	0	0	1	0	1	1	1	19	1	3	0	6	1	0	0	6	0	0	0	0	1	0	0	2	2	0	0	0	1	0	0	1	0	0	0	0	2	0	2	0	6	0	0	1	0	1	0	0	0	3	0	1	4	0	0	0	0	0	0	0	0	0	0	0	0	0	0	0	0	PD44889_55_branch_snp
0	0	0	0	18	3	1	5	12	0	0	3	12	1	2	23	0	0	0	0	0	0	0	0	0	0	0	0	1	0	0	0	2	0	3	0	0	1	4	1	1	0	2	1	0	0	2	3	0	0	0	0	0	0	0	0	0	0	0	0	0	0	0	0	0	0	0	0	0	0	0	0	0	0	0	0	0	0	0	1	0	0	0	0	0	0	0	0	0	0	0	0	0	1	0	0	PD44889_58_branch_snp
5	2	1	3	13	4	0	9	18	2	0	17	40	16	1	33	0	0	0	0	0	0	0	0	0	0	0	0	1	0	0	0	1	0	21	1	1	1	4	1	0	3	10	1	0	1	3	1	0	0	0	2	0	0	0	0	0	1	0	1	1	0	0	0	1	0	0	3	1	0	1	1	1	1	0	0	1	2	0	0	0	0	0	0	0	0	1	0	0	0	0	0	1	0	0	1	PD44889_59_branch_snp
17	7	1	20	44	8	5	33	57	6	3	39	122	57	6	158	0	0	0	1	0	0	1	0	1	0	0	1	1	1	0	1	2	4	16	5	1	5	17	2	4	1	17	4	4	1	7	2	4	2	3	3	1	1	0	0	0	1	2	0	1	1	0	4	5	1	1	8	1	0	2	1	3	0	0	4	4	0	1	2	0	0	0	0	0	0	0	0	0	0	0	1	1	1	1	4	PD44889_60_branch_snp
85	21	4	47	150	28	6	131	232	38	12	127	412	216	24	498	4	4	1	5	2	1	0	3	3	1	0	3	4	1	0	10	9	7	87	10	5	5	38	5	6	8	49	6	15	8	32	6	3	3	0	8	1	4	1	1	0	1	0	4	8	5	3	7	9	5	3	8	3	3	4	1	4	1	2	2	7	3	1	3	4	0	0	1	1	0	1	4	0	1	0	3	4	0	2	2	PD44889_61_branch_snp
79	14	7	46	168	47	16	127	218	36	6	138	409	213	34	470	7	1	1	3	3	0	1	0	0	0	0	4	2	0	0	7	5	5	77	9	8	6	37	6	5	8	51	3	8	10	39	11	3	2	5	13	3	2	1	8	1	0	2	2	6	2	3	4	7	2	6	9	4	3	1	3	7	6	3	2	4	8	2	8	3	1	2	3	0	1	1	1	0	0	1	3	1	0	2	4	PD44889_63_branch_snp
31	11	4	27	84	22	10	67	93	26	8	75	212	118	17	279	0	3	0	1	1	0	0	1	2	2	1	0	0	1	0	5	5	4	38	7	5	2	23	2	4	7	27	3	1	3	18	1	3	1	0	4	0	0	0	5	0	0	0	0	3	0	0	0	2	3	4	5	0	1	2	2	2	2	3	4	5	4	2	3	0	0	0	2	1	2	1	2	0	1	0	1	1	0	2	5	PD44889_64_branch_snp
65	21	5	34	112	40	6	118	132	36	8	93	295	189	17	364	4	1	1	3	0	0	0	0	0	0	0	0	3	6	0	3	6	2	65	3	9	11	40	10	3	4	38	5	3	14	23	11	4	3	2	3	1	1	1	5	0	1	2	1	3	4	1	8	7	1	8	7	4	0	6	1	4	2	5	6	2	3	3	8	1	0	2	5	0	0	1	1	1	0	1	1	1	0	3	5	PD44889_65_branch_snp
5	3	1	5	23	6	1	13	14	2	1	15	38	17	4	41	0	0	0	0	0	0	1	0	0	0	1	0	0	1	0	0	1	0	2	0	0	1	8	0	0	0	10	0	0	0	7	1	0	1	0	0	0	0	0	1	0	0	0	3	0	0	0	0	1	0	1	1	0	0	1	0	0	0	0	0	0	2	0	0	0	0	0	0	0	0	0	0	0	0	0	1	0	0	1	0	PD44889_6_branch_snp
13	6	1	13	27	11	6	30	27	4	3	18	47	26	4	48	2	0	0	1	0	0	0	0	0	0	0	0	1	0	1	1	2	0	4	1	0	1	3	0	1	1	8	0	0	4	7	3	1	1	0	0	0	0	0	0	0	0	0	0	1	0	1	2	1	0	0	1	2	0	0	0	0	0	0	1	0	1	1	1	0	1	0	0	0	0	0	1	0	0	0	0	1	0	0	1	PD44889_7_branch_snp
15	3	1	15	58	22	3	50	45	7	0	37	118	37	3	101	1	1	0	1	0	1	0	0	1	0	0	0	3	0	0	2	5	0	24	1	3	2	14	2	4	1	10	1	4	5	8	4	1	0	0	2	0	0	1	4	0	0	0	0	1	1	2	2	2	1	1	2	1	2	0	2	1	0	1	0	3	0	3	3	1	0	0	0	0	0	0	2	0	0	0	0	0	1	2	1	PD44889_8_branch_snp
11	2	1	12	32	12	2	30	22	8	2	21	63	42	9	86	0	0	0	1	1	0	0	0	1	0	0	0	0	0	0	0	1	1	8	1	2	5	12	0	0	1	14	0	2	1	6	3	0	1	0	1	0	1	0	0	0	1	0	1	1	1	0	1	2	0	1	0	1	0	0	1	1	2	1	1	2	0	1	2	1	0	0	0	0	0	0	1	0	1	1	0	0	0	0	2	PD44889_9_branch_snp
213	20	15	79	171	23	13	61	637	54	39	250	307	100	30	367	0	0	0	1	0	0	0	0	0	1	0	0	1	0	0	1	0	0	16	0	0	0	8	0	0	1	11	2	2	3	5	0	3	1	0	1	0	0	0	0	0	0	0	2	1	1	0	6	5	1	2	16	0	0	0	0	1	2	1	1	2	0	0	7	0	0	0	0	0	0	0	1	0	0	0	2	0	2	0	11	PD44890_10_branch_snp
189	19	16	55	197	27	22	79	617	67	38	265	293	110	32	349	0	0	0	1	0	0	0	1	0	2	0	0	1	0	0	0	2	2	19	2	0	1	11	3	2	1	9	1	1	1	2	0	5	3	0	4	0	0	1	1	2	1	0	0	3	0	0	2	1	2	1	12	0	0	2	2	1	0	1	3	0	0	0	7	1	0	0	0	0	0	0	0	1	0	0	1	1	0	0	5	PD44890_11_branch_snp
201	30	8	54	180	31	24	85	606	66	25	227	272	113	26	371	0	0	0	0	1	0	0	0	0	0	0	0	0	0	0	0	2	2	21	1	0	0	10	1	0	0	15	2	1	1	12	7	7	4	1	5	0	0	1	1	1	0	0	2	2	1	0	8	5	2	0	26	0	0	0	2	1	0	0	4	1	1	1	10	0	0	0	1	0	0	0	1	1	0	0	1	2	1	1	11	PD44890_12_branch_snp
192	27	12	75	194	26	20	83	665	42	32	246	274	107	32	398	0	0	0	1	1	1	0	1	0	0	0	0	1	0	1	0	1	2	15	1	1	3	11	1	0	2	10	0	1	0	3	0	1	0	1	0	1	0	0	0	0	0	0	0	1	0	0	2	2	1	0	3	0	2	0	0	0	0	0	0	0	0	1	0	1	0	0	0	0	0	0	1	0	0	0	0	0	0	1	0	PD44890_13_branch_snp
168	24	6	66	178	38	18	87	607	68	39	279	337	117	34	372	0	0	0	0	0	1	0	0	0	0	0	0	0	0	0	2	1	1	13	3	0	1	7	0	0	0	7	2	3	3	3	0	1	0	0	1	0	0	0	1	0	0	0	0	1	1	0	1	1	1	0	0	0	0	0	2	1	0	1	0	0	0	0	0	0	0	0	0	0	0	0	2	0	0	0	0	0	0	1	0	PD44890_14_branch_snp
204	20	15	53	206	33	20	85	592	74	36	224	302	105	38	369	0	0	0	1	0	0	0	0	0	0	0	0	1	0	0	2	1	2	16	2	2	2	7	3	3	1	13	2	0	0	6	2	3	1	0	3	0	0	0	0	0	0	0	0	2	1	0	6	6	1	0	10	0	1	0	1	2	0	0	0	2	0	1	5	0	0	0	0	0	1	0	0	0	2	0	0	1	2	1	6	PD44890_15_branch_snp
190	25	13	71	202	36	19	65	624	66	34	246	285	109	26	379	0	0	0	0	1	0	0	0	0	0	0	0	0	0	0	0	2	1	5	1	3	2	7	3	2	2	8	0	1	3	5	1	3	0	0	4	0	0	1	1	0	0	0	0	1	0	0	1	2	3	0	12	1	0	1	1	2	0	1	2	1	1	0	9	0	0	0	0	1	0	0	0	0	1	0	0	2	1	1	10	PD44890_16_branch_snp
155	48	13	51	196	56	24	100	391	75	36	241	262	131	28	302	7	2	0	3	1	1	0	9	1	3	2	6	5	2	0	15	6	3	14	6	5	2	11	4	12	6	15	4	14	7	5	11	3	4	1	10	1	4	7	4	1	1	1	1	5	1	1	11	16	5	5	9	6	4	8	7	4	2	2	1	9	2	1	6	6	1	4	2	2	2	0	10	1	1	1	5	8	1	4	18	PD44890_17_branch_snp
151	34	5	71	209	35	21	117	396	81	35	211	271	115	29	364	3	1	0	4	3	1	1	5	0	2	0	1	9	2	2	14	6	1	18	4	3	3	13	5	6	5	13	4	12	9	9	9	5	2	5	4	7	1	1	4	1	1	1	0	5	2	2	6	9	1	6	7	2	7	2	8	4	3	4	6	5	2	3	3	3	1	1	6	2	2	0	14	2	0	1	5	10	3	5	13	PD44890_18_branch_snp
168	23	8	62	202	50	28	108	451	99	39	261	298	107	36	379	3	2	1	4	0	1	0	0	0	0	0	1	0	2	0	0	7	1	23	1	0	2	16	3	1	2	16	3	2	0	12	4	3	2	2	1	0	2	1	1	0	1	2	1	4	0	0	2	4	1	2	7	1	0	3	0	2	2	2	2	4	6	1	2	2	0	2	2	0	0	0	2	0	0	0	0	3	0	1	1	PD44890_19_branch_snp
187	20	5	75	197	27	21	82	579	54	22	236	308	114	29	381	0	0	0	1	0	0	0	1	2	1	0	0	0	0	0	1	2	1	12	2	2	3	10	2	0	1	13	1	3	2	5	4	4	2	2	5	0	0	0	0	0	0	0	2	2	1	0	5	5	2	2	17	0	0	0	2	2	1	2	2	3	0	1	8	0	0	0	1	2	0	0	0	0	0	0	1	2	3	0	15	PD44890_1_branch_snp
164	38	9	80	189	39	31	103	432	81	38	252	300	145	29	354	1	0	0	3	0	0	1	1	3	1	0	0	6	0	0	4	6	2	19	5	1	2	15	3	3	3	9	3	5	6	11	3	2	1	1	1	0	2	2	5	0	0	2	0	4	2	1	5	4	1	0	2	3	1	5	5	1	3	0	1	4	2	5	2	2	1	0	4	1	1	2	9	0	1	1	2	1	0	2	6	PD44890_20_branch_snp
158	25	14	78	180	53	29	98	448	90	17	281	316	153	33	344	1	1	0	3	0	1	2	1	0	0	0	1	2	0	0	4	2	1	17	3	4	0	10	3	5	2	20	4	5	4	5	7	2	2	1	3	3	1	0	4	0	0	0	0	7	2	1	4	4	0	3	5	1	1	0	1	2	1	0	6	3	3	2	1	0	0	0	1	1	0	2	1	0	0	1	0	2	1	0	3	PD44890_21_branch_snp
206	20	11	59	206	40	24	66	630	58	27	237	292	97	31	391	0	1	0	0	0	0	0	0	0	0	0	0	0	1	0	1	3	1	20	1	2	2	6	1	3	4	6	2	3	2	4	0	1	0	0	5	1	0	1	0	0	0	1	2	0	0	0	1	3	1	2	6	1	0	1	0	1	1	1	2	1	0	1	4	0	1	0	2	0	0	0	0	0	0	0	0	0	0	1	1	PD44890_22_branch_snp
219	31	11	72	180	27	25	77	578	49	30	255	282	106	27	409	0	1	0	0	0	0	0	0	0	0	0	0	0	0	0	2	1	1	16	3	0	3	9	2	0	0	7	1	0	3	3	2	4	3	0	0	1	0	0	2	1	0	0	0	3	1	0	11	6	4	0	11	0	0	1	0	1	1	0	0	1	1	0	5	0	0	1	2	0	0	0	0	1	1	0	0	1	1	0	4	PD44890_23_branch_snp
218	18	14	67	176	36	29	75	648	57	29	234	270	119	21	399	1	0	0	0	0	0	0	1	0	2	0	0	0	1	0	3	2	1	19	1	1	1	10	2	1	3	12	2	0	1	2	3	0	0	1	0	0	0	0	0	1	0	0	1	1	0	0	1	1	0	0	3	0	0	2	1	1	2	0	3	0	1	0	1	0	0	0	0	0	1	0	0	0	0	0	0	0	0	0	0	PD44890_24_branch_snp
201	27	17	62	196	32	20	69	631	47	38	243	317	102	29	384	1	1	0	0	1	0	0	1	0	0	0	1	0	0	0	4	2	2	17	0	2	1	5	1	0	4	8	3	4	2	6	2	1	0	0	1	0	1	0	0	0	0	0	0	0	0	0	0	0	0	1	0	2	0	0	0	1	2	1	2	0	1	0	2	0	0	1	0	0	0	0	0	0	0	0	1	0	0	0	0	PD44890_25_branch_snp
188	27	10	60	184	39	20	71	600	65	28	251	321	116	31	363	1	1	0	0	0	0	0	0	0	0	0	0	3	1	0	1	2	0	12	1	2	0	8	2	0	3	9	0	1	2	3	2	4	3	0	2	0	1	0	0	0	1	0	1	1	2	0	7	6	4	0	11	1	1	0	1	2	0	1	2	0	2	1	10	0	0	0	1	0	0	0	1	0	0	0	1	0	0	0	5	PD44890_26_branch_snp
211	32	13	72	210	29	17	60	610	54	30	235	299	111	27	375	0	0	0	0	0	1	0	1	0	0	0	1	0	1	0	1	1	0	13	0	2	2	7	2	4	1	4	3	0	1	8	1	4	1	1	5	0	0	0	0	3	0	0	0	0	0	0	2	4	1	1	10	1	0	0	1	1	0	1	3	3	0	0	6	0	0	0	1	0	0	0	0	0	0	0	3	0	0	0	9	PD44890_27_branch_snp
210	25	9	59	203	28	21	95	606	41	27	230	324	105	30	363	0	0	0	0	0	1	0	0	0	0	0	0	0	0	0	0	2	2	18	1	4	3	4	4	1	3	14	0	0	2	8	2	0	1	1	0	1	0	0	0	1	0	0	1	2	1	1	4	9	0	1	6	0	1	1	1	1	2	1	2	0	0	0	6	1	1	1	0	0	0	0	0	0	0	1	0	0	0	1	6	PD44890_28_branch_snp
212	16	11	61	213	28	20	98	644	50	35	232	249	99	26	345	1	1	0	0	0	0	1	1	0	0	0	2	0	0	0	1	3	2	17	3	2	1	8	4	0	1	10	3	3	1	6	2	3	3	0	8	0	0	0	0	0	0	1	0	2	1	1	2	6	3	4	17	4	0	2	1	0	0	1	2	4	1	0	7	2	1	0	3	0	0	0	0	0	0	0	1	2	0	2	4	PD44890_29_branch_snp
198	29	17	68	209	23	26	78	637	60	30	235	329	90	24	340	0	0	0	1	0	0	0	0	0	0	1	0	0	1	0	1	3	1	17	2	3	0	13	3	4	2	11	0	0	1	6	1	2	0	0	2	1	0	0	0	0	0	1	2	1	0	0	1	1	0	1	3	1	0	0	0	2	2	1	1	1	2	0	3	0	0	1	1	2	0	0	0	0	0	0	0	1	0	2	1	PD44890_2_branch_snp
178	27	14	76	214	29	19	79	656	60	31	232	300	92	36	370	0	0	0	0	1	1	0	0	0	0	0	0	0	0	0	2	2	1	15	3	1	0	9	3	0	3	14	0	0	2	6	2	1	1	0	1	0	0	0	0	0	0	0	1	1	0	1	0	2	1	1	0	2	0	3	0	0	1	0	0	0	0	0	4	0	0	0	0	1	0	0	1	0	0	0	0	0	0	0	0	PD44890_30_branch_snp
193	36	14	69	194	28	16	83	572	56	30	247	349	128	26	377	2	0	0	0	0	0	0	0	0	0	0	0	1	0	0	1	0	0	17	3	0	2	9	0	2	1	10	1	2	3	8	2	0	0	0	0	0	0	0	0	0	0	0	0	0	0	0	0	0	0	1	0	0	1	0	1	1	3	1	2	0	0	2	0	0	0	1	1	0	1	0	1	0	0	0	0	1	0	0	1	PD44890_31_branch_snp
185	22	12	58	248	35	18	80	620	42	34	265	272	100	25	354	0	0	0	1	0	1	0	0	0	0	0	0	0	1	0	0	1	1	7	2	1	1	13	2	3	0	4	1	0	2	5	2	6	4	2	4	0	0	0	2	0	0	0	1	2	0	0	4	5	2	0	20	1	1	1	0	1	0	0	1	3	2	0	5	0	0	0	0	0	0	0	0	0	0	0	1	1	0	0	13	PD44890_32_branch_snp
216	19	12	67	216	26	24	62	606	54	29	232	310	104	18	377	0	0	0	0	0	1	0	1	0	0	0	0	0	0	0	2	1	1	12	1	1	2	8	0	2	4	8	5	1	1	9	0	3	3	1	4	0	0	0	1	1	1	0	1	3	2	0	3	5	3	4	11	0	1	0	1	3	0	0	3	0	2	0	4	1	0	0	1	0	1	0	0	0	0	0	0	0	1	1	3	PD44890_33_branch_snp
216	21	10	51	211	26	21	94	581	46	24	243	294	96	29	373	0	1	0	1	0	0	0	0	1	0	0	1	0	0	0	2	3	1	13	1	3	2	10	0	1	3	8	2	1	2	8	3	3	2	0	8	0	1	0	0	2	0	1	0	1	0	0	8	4	2	2	18	0	1	1	0	2	1	0	3	1	0	0	11	0	0	2	2	0	0	4	0	0	0	1	1	2	0	0	13	PD44890_34_branch_snp
205	27	13	57	182	33	33	97	582	60	27	247	339	93	46	385	0	1	0	2	0	1	0	0	0	3	0	0	0	0	0	0	1	1	10	0	1	2	5	0	1	1	13	1	0	2	4	2	0	0	0	1	0	0	1	1	0	0	0	1	1	0	0	0	0	0	0	3	1	1	2	1	2	0	1	0	2	0	2	0	1	1	0	0	0	0	1	0	0	0	0	0	0	0	0	0	PD44890_35_branch_snp
198	32	13	69	162	23	26	84	572	70	34	277	318	118	37	419	0	0	1	0	0	0	0	0	0	0	1	0	0	0	0	0	1	2	15	0	1	3	1	0	1	0	7	0	0	1	3	1	1	0	0	0	0	0	0	0	0	0	0	0	0	0	0	0	0	0	0	1	0	0	1	0	1	1	0	1	0	0	1	1	0	0	0	0	0	0	0	1	0	0	0	0	0	1	0	0	PD44890_36_branch_snp
170	23	10	80	207	44	23	72	600	70	43	267	303	95	30	389	0	1	0	0	0	0	0	0	0	0	0	1	0	2	0	0	2	1	18	1	0	2	8	0	1	1	10	2	1	1	2	3	1	0	0	1	0	0	0	1	0	1	1	1	2	0	0	1	1	1	0	1	0	1	0	0	1	0	0	1	0	0	0	0	0	0	0	1	0	0	0	0	0	0	0	0	0	0	1	0	PD44890_37_branch_snp
213	22	13	65	196	28	23	76	626	60	31	228	297	85	24	384	0	0	0	1	1	0	0	0	0	0	0	0	0	0	0	0	2	1	14	0	0	0	6	1	2	1	7	4	0	2	6	4	5	2	0	1	1	0	0	0	0	1	0	0	3	3	1	7	7	1	1	12	1	0	1	0	1	1	0	1	2	0	0	4	0	1	0	1	0	0	1	2	0	0	0	0	2	0	0	14	PD44890_38_branch_snp
201	28	6	63	175	21	20	94	614	62	25	210	297	103	28	391	0	0	1	0	0	0	1	0	0	0	0	0	0	0	0	1	2	0	17	0	0	3	10	2	1	1	3	1	1	3	6	1	5	5	0	8	0	0	0	0	0	1	1	3	2	2	0	9	8	7	0	19	2	0	3	2	0	1	0	0	2	0	0	13	0	0	0	2	0	0	0	1	0	0	0	2	5	2	0	3	PD44890_39_branch_snp
208	28	8	68	188	29	24	95	623	70	30	244	312	120	35	342	1	0	0	1	0	0	0	0	0	0	0	0	1	0	0	2	1	1	13	0	0	1	9	1	0	2	13	1	1	1	4	1	1	0	0	1	0	0	0	1	2	0	0	0	0	0	0	1	1	0	0	2	1	0	1	0	1	0	1	1	2	0	1	0	0	0	1	0	0	0	0	0	1	0	0	0	1	0	0	2	PD44890_3_branch_snp
193	17	13	55	212	31	28	81	606	62	26	255	279	110	20	351	2	0	0	0	0	0	0	0	0	0	0	0	0	0	0	2	2	3	12	1	3	2	0	1	2	0	9	2	2	5	5	0	4	4	0	9	1	0	0	1	0	0	0	1	5	0	1	7	10	6	2	13	1	0	1	2	2	1	2	2	1	3	0	7	0	1	0	0	0	0	0	0	0	0	0	2	1	4	0	14	PD44890_40_branch_snp
170	23	15	59	199	33	22	98	613	56	23	283	317	102	27	411	0	0	0	0	0	0	0	0	0	0	0	0	1	0	0	0	0	0	12	1	0	0	5	3	0	0	6	0	2	1	5	0	0	0	2	1	0	0	0	1	1	0	0	1	0	0	0	1	2	0	0	0	0	1	0	1	0	0	0	0	0	0	0	0	0	0	0	0	0	0	0	0	0	0	0	0	0	0	2	0	PD44890_41_branch_snp
179	16	11	66	188	34	20	78	619	82	39	253	321	125	33	376	0	0	0	1	2	0	0	0	0	0	0	0	2	0	0	3	2	0	10	1	0	1	4	1	1	1	3	1	2	2	7	1	0	0	0	1	0	0	0	0	1	0	0	2	1	0	0	0	1	0	1	2	0	0	3	0	0	0	0	1	0	1	0	0	0	0	0	1	0	0	0	0	0	0	0	0	0	0	0	0	PD44890_42_branch_snp
186	18	6	73	190	38	23	89	620	54	31	220	291	100	25	377	0	1	0	1	0	0	0	0	1	0	0	0	0	0	0	0	1	0	13	3	3	2	11	4	1	2	10	2	1	5	5	0	5	3	1	8	0	0	0	0	0	1	0	1	1	1	0	2	9	5	0	19	1	0	1	0	3	1	1	0	0	0	1	7	0	0	0	3	0	0	0	0	0	0	0	2	2	0	1	14	PD44890_43_branch_snp
188	24	10	60	220	30	18	75	658	60	35	259	303	101	40	351	0	0	0	0	1	0	0	0	0	0	0	1	1	0	0	0	1	1	21	1	1	2	8	3	0	1	1	0	0	3	1	1	1	0	0	0	0	0	1	1	0	0	0	1	0	0	1	2	1	3	0	0	0	0	1	1	2	0	0	2	0	0	0	1	0	0	2	0	0	0	0	0	0	0	0	0	0	0	0	0	PD44890_44_branch_snp
186	23	18	74	193	50	29	78	606	69	42	254	318	87	37	359	0	1	0	1	0	0	0	0	0	0	0	0	0	0	0	1	3	2	10	1	5	3	7	0	1	1	8	0	1	4	4	1	1	0	0	0	1	0	0	1	0	1	0	0	0	0	0	0	3	0	1	1	0	0	0	0	1	1	0	1	0	1	1	0	1	0	1	2	0	1	0	0	0	0	1	0	1	0	1	1	PD44890_45_branch_snp
176	18	15	76	168	27	32	94	609	89	36	296	265	118	37	349	0	0	0	1	0	0	0	0	0	0	0	0	0	0	0	1	0	2	10	1	0	1	5	2	1	1	16	0	1	0	7	1	3	0	0	4	0	0	0	0	0	0	0	0	2	1	0	3	4	1	0	6	0	1	0	0	2	0	1	1	0	2	1	7	0	0	1	0	0	0	0	0	0	0	0	0	0	0	0	5	PD44890_46_branch_snp
164	25	13	70	184	52	15	95	483	78	34	250	343	143	31	387	1	0	1	0	0	0	0	0	0	0	0	0	3	1	0	5	1	2	19	0	2	2	10	5	2	0	14	1	3	2	7	1	2	0	1	4	0	0	0	1	0	0	1	4	0	1	0	7	2	3	2	7	0	0	0	0	0	0	0	0	0	1	2	3	1	0	1	2	1	0	0	0	0	0	1	1	1	0	0	2	PD44890_47_branch_snp
199	24	13	68	198	37	23	96	587	53	35	223	317	93	26	421	0	0	0	1	0	0	0	1	1	0	0	0	0	0	0	0	1	0	14	3	1	1	6	0	2	2	10	0	2	2	10	1	0	0	0	3	0	0	0	0	0	0	0	0	1	0	1	1	1	1	0	5	0	1	1	0	1	2	3	1	0	0	1	1	0	0	0	0	0	0	0	0	0	0	0	0	2	0	0	3	PD44890_48_branch_snp
187	18	17	69	203	29	17	75	652	57	34	250	286	113	31	347	1	0	0	1	0	0	0	0	0	0	0	0	1	0	0	0	3	0	12	2	0	2	6	0	2	3	8	2	5	1	6	0	2	4	0	3	0	0	0	0	0	0	1	2	1	1	1	1	7	2	3	12	0	0	0	2	1	1	0	0	1	0	0	3	0	1	0	0	1	0	0	0	0	0	0	1	2	0	0	7	PD44890_49_branch_snp
192	27	13	65	221	35	20	80	620	39	34	264	284	93	39	389	0	0	0	2	0	0	0	1	0	0	0	0	0	0	0	0	6	2	15	0	1	2	10	1	0	1	9	1	0	3	7	1	0	0	0	2	0	1	1	0	1	0	0	1	1	0	1	1	2	0	0	3	0	0	0	0	0	0	2	1	0	2	1	0	0	0	1	0	0	0	0	0	0	1	0	0	1	0	0	0	PD44890_4_branch_snp
13	0	2	4	36	5	8	14	56	6	3	17	32	4	1	34	0	0	0	0	0	0	0	0	0	0	0	0	0	0	0	0	0	0	2	1	2	0	4	0	0	0	1	2	0	1	1	1	0	0	0	1	0	0	0	0	0	0	0	0	0	0	0	0	0	1	0	0	0	0	0	0	0	0	0	0	0	0	0	0	0	0	0	0	0	0	0	0	0	0	0	0	0	0	0	0	PD44890_53_branch_snp
152	26	12	68	180	36	31	91	584	57	33	260	293	124	28	349	0	0	0	1	0	0	0	0	0	0	0	0	1	0	0	3	2	2	15	1	0	0	6	2	2	0	18	2	2	0	7	1	6	0	1	5	2	0	0	1	0	0	1	3	3	0	1	7	6	5	1	24	0	0	0	3	0	1	0	1	4	1	1	11	1	0	1	0	0	0	0	2	1	0	0	2	2	2	0	12	PD44890_55_branch_snp
199	29	7	71	188	37	32	79	686	48	27	247	287	92	38	345	0	0	0	1	0	0	0	0	0	0	0	1	0	0	0	2	1	1	19	1	3	0	7	0	3	1	12	3	3	2	7	0	0	0	1	1	0	1	0	0	0	1	0	1	0	0	0	1	0	2	0	2	1	0	0	2	1	0	0	1	0	3	0	0	0	0	0	1	0	1	1	0	0	0	0	0	0	0	0	0	PD44890_56_branch_snp
8	1	0	5	14	1	1	3	24	1	2	3	8	3	1	20	0	0	0	0	0	0	0	0	0	0	0	0	0	0	1	0	0	0	1	2	0	0	0	0	2	1	0	0	0	0	0	0	0	0	0	0	0	0	0	0	0	0	0	0	0	1	0	0	0	0	0	0	0	0	0	0	0	1	0	0	0	0	1	0	0	0	0	0	0	0	0	0	0	0	0	0	0	0	0	0	PD44890_58_branch_snp
6	0	1	4	17	2	2	7	28	3	0	9	12	5	2	8	0	0	0	0	0	0	0	0	0	0	0	0	0	0	0	0	0	0	5	0	0	0	3	0	0	0	4	1	0	0	2	0	0	0	0	0	0	0	0	0	0	0	0	0	0	0	0	0	0	0	0	0	0	0	0	0	0	0	0	0	0	0	0	1	0	0	0	0	0	0	0	0	0	0	0	0	0	0	0	0	PD44890_59_branch_snp
181	16	6	66	212	35	21	86	642	55	20	217	309	108	31	358	1	0	0	0	0	0	0	0	0	0	0	0	1	0	0	0	1	2	16	3	1	0	6	2	0	3	12	1	0	1	5	3	4	5	0	6	0	0	0	1	0	0	0	1	2	1	0	6	2	2	1	15	2	0	2	1	0	0	0	2	1	3	0	7	0	0	0	0	0	0	0	0	0	0	1	1	4	0	1	8	PD44890_5_branch_snp
10	0	0	5	19	3	7	18	34	2	1	18	25	7	0	27	0	0	1	0	0	0	0	0	0	0	0	0	0	0	1	0	2	0	1	0	0	1	3	0	1	0	1	0	0	0	1	0	0	0	0	1	0	0	0	1	0	0	0	0	2	0	0	0	0	0	0	1	0	0	0	0	0	0	0	0	0	0	0	0	0	0	0	0	0	0	0	0	0	0	0	0	0	0	0	0	PD44890_65_branch_snp
192	20	9	65	206	25	19	70	606	46	34	224	296	107	28	366	1	0	0	0	0	1	0	0	0	0	0	0	1	0	1	0	1	1	15	0	2	0	9	0	0	1	14	0	1	1	3	0	12	6	1	6	1	0	1	0	0	1	0	1	4	3	1	12	9	6	5	29	1	0	0	0	0	0	1	5	1	1	0	6	1	1	0	2	0	0	0	0	1	0	0	5	3	0	0	9	PD44890_67_branch_snp
8	0	1	4	27	3	2	12	28	2	1	9	20	0	1	19	0	0	0	0	0	0	0	0	0	0	0	0	0	0	0	0	0	0	3	0	0	2	3	0	0	1	5	0	0	1	1	0	0	0	0	0	0	0	0	0	0	0	0	0	0	0	0	0	0	0	0	0	0	0	0	0	0	0	0	0	0	0	0	0	0	1	0	0	0	0	0	0	0	0	0	0	0	0	0	0	PD44890_69_branch_snp
175	28	9	67	222	32	26	68	675	46	20	243	291	85	21	352	2	0	0	0	1	0	0	1	0	2	0	0	0	0	0	1	3	1	14	0	2	1	6	1	0	3	10	0	1	1	10	1	1	0	0	6	0	0	0	1	0	2	0	0	3	1	0	4	10	3	1	20	0	0	1	2	1	0	2	1	0	0	0	6	1	0	0	0	0	0	0	2	0	0	0	0	0	1	0	10	PD44890_6_branch_snp
171	26	14	77	178	33	23	109	559	70	27	258	279	122	35	370	0	0	0	1	2	0	0	1	0	0	0	1	1	1	0	0	5	1	15	1	3	1	15	1	0	2	10	2	3	1	4	0	2	2	0	3	2	0	0	2	0	0	0	2	4	1	0	3	6	3	0	9	0	1	0	3	1	0	2	3	2	0	1	7	2	0	1	0	0	1	0	0	0	0	0	1	1	1	1	11	PD44890_70_branch_snp
177	30	15	64	184	43	27	121	481	75	30	240	328	113	32	380	0	0	0	1	0	0	0	1	1	0	0	1	1	0	0	2	6	3	17	6	2	0	19	4	3	2	14	2	2	0	7	2	0	0	3	1	0	0	0	0	0	0	0	0	3	1	2	1	3	1	2	4	3	2	2	1	1	3	0	2	2	2	2	1	1	0	0	1	2	0	1	7	0	0	0	1	1	0	3	5	PD44890_71_branch_snp
85	14	4	25	79	15	11	44	187	42	7	111	152	50	22	156	1	1	0	0	0	1	0	0	0	0	0	0	1	0	0	1	1	0	13	1	1	1	7	1	0	0	10	3	4	3	3	1	1	1	0	1	0	0	0	0	0	0	0	0	1	0	0	1	1	0	1	2	1	0	0	0	1	2	0	1	1	1	0	1	1	1	0	0	0	1	0	0	0	0	0	0	1	0	0	0	PD44890_72_branch_snp
158	29	7	54	116	32	25	80	325	80	22	185	244	112	18	273	2	0	1	1	1	1	0	3	0	0	0	4	3	0	0	5	2	1	17	10	2	2	6	2	2	2	20	4	3	3	8	3	0	2	3	3	1	1	0	1	0	0	1	1	6	1	1	4	3	0	3	4	3	3	3	4	3	1	0	3	3	1	0	5	1	0	0	2	2	0	0	8	0	0	1	6	2	0	2	6	PD44890_73_branch_snp
192	23	9	60	214	18	11	95	576	53	33	219	277	102	26	343	2	0	0	0	1	0	0	1	0	0	0	2	0	1	0	1	1	3	24	6	1	4	5	0	2	0	18	0	0	0	3	1	6	8	2	9	0	1	1	2	0	0	0	2	3	1	0	16	10	7	2	24	0	0	1	3	5	0	1	6	1	1	0	21	1	2	0	3	0	0	1	0	1	0	0	4	2	1	1	24	PD44890_75_branch_snp
6	0	1	1	20	1	4	6	15	0	1	7	11	5	2	15	0	0	0	0	0	0	0	0	0	0	0	0	0	0	0	0	0	0	5	0	1	0	1	2	1	0	0	0	0	0	0	0	1	0	0	0	0	0	0	0	1	0	1	0	0	0	0	0	0	0	0	0	0	0	0	0	0	0	0	0	0	0	0	0	0	0	0	0	0	0	0	0	0	0	0	0	0	0	0	0	PD44890_76_branch_snp
2	2	0	3	32	0	4	13	28	0	3	13	11	5	0	21	0	0	0	0	0	0	0	0	0	0	0	0	0	0	0	0	1	0	5	0	0	0	0	0	4	0	2	0	1	0	1	0	1	0	0	0	0	0	0	0	0	0	0	0	0	0	0	0	0	0	0	0	0	0	1	1	0	0	0	0	0	0	0	0	0	0	0	0	0	0	0	0	0	0	0	0	0	0	0	0	PD44890_77_branch_snp
196	18	13	56	215	28	30	85	648	44	28	216	278	103	39	356	0	1	0	0	0	1	0	0	0	0	0	0	1	2	0	0	2	1	18	1	3	4	13	2	2	3	9	3	3	3	6	1	1	3	1	1	0	0	2	1	2	0	0	0	0	0	1	5	7	3	1	12	0	0	0	3	0	0	0	2	1	2	0	6	1	0	0	1	0	0	0	0	0	0	1	1	0	0	0	10	PD44890_7_branch_snp
182	16	13	57	191	31	21	73	572	50	20	240	290	97	31	383	1	0	1	1	0	0	0	1	0	0	1	0	3	0	1	1	3	0	16	1	0	2	10	2	2	0	9	2	2	1	8	0	5	6	0	9	0	0	0	0	0	1	0	3	5	2	1	11	8	7	1	34	0	0	1	3	3	0	1	4	3	3	1	18	0	1	2	0	0	0	0	0	2	0	0	8	3	4	0	15	PD44890_84_branch_snp
175	18	8	65	185	22	28	70	569	43	34	183	279	86	25	370	1	0	0	0	0	1	0	0	0	0	0	1	1	0	1	0	0	0	16	1	3	1	8	1	0	6	11	2	1	1	6	1	18	9	0	16	0	2	0	1	1	2	0	6	8	4	1	29	19	6	3	41	1	1	1	2	0	1	0	5	5	2	1	29	7	1	1	2	0	1	0	0	0	0	0	0	2	7	2	40	PD44890_85_branch_snp
212	32	6	61	201	33	26	74	624	57	30	239	298	113	26	372	0	1	1	0	0	0	0	0	0	1	0	2	0	0	0	0	2	0	18	1	1	1	8	0	1	2	13	0	2	2	6	1	2	1	0	0	1	0	0	1	0	0	0	0	1	1	0	1	2	3	1	3	1	0	2	2	0	1	0	2	0	3	2	3	0	0	0	0	0	0	0	0	0	0	0	0	0	0	0	0	PD44890_86_branch_snp
12	2	0	5	35	3	8	16	42	8	1	27	23	10	3	23	0	0	0	0	0	0	0	0	0	0	0	0	0	0	0	0	0	0	9	1	1	0	4	0	2	0	0	0	0	0	0	1	1	0	1	0	1	1	0	0	0	0	0	0	0	0	0	0	0	0	0	0	0	0	0	0	0	0	0	0	0	0	0	0	0	0	1	0	0	0	0	0	0	0	0	0	0	0	0	0	PD44890_89_branch_snp
193	27	17	55	196	29	33	79	596	63	33	286	282	108	36	362	0	0	0	1	0	0	0	0	0	0	0	0	0	0	0	1	0	1	14	0	1	4	9	2	1	2	10	2	4	0	9	1	2	0	0	3	0	0	0	1	1	0	0	0	1	2	0	6	0	1	0	11	1	1	0	0	1	0	0	0	1	0	1	3	1	0	0	0	0	0	0	0	0	0	1	0	0	1	0	4	PD44890_8_branch_snp
12	0	1	1	21	2	4	12	30	1	3	15	20	2	1	14	0	0	0	0	0	0	0	0	0	0	0	0	0	0	1	0	0	0	1	2	0	1	2	0	0	0	2	0	0	0	2	0	0	1	0	0	0	0	0	0	0	0	0	0	0	0	0	0	1	0	1	0	0	0	0	0	0	0	0	1	0	0	0	0	0	0	0	0	0	0	0	0	0	0	0	0	1	1	0	0	PD44890_91_branch_snp
194	22	10	72	191	30	23	80	590	69	27	260	291	108	22	363	0	0	0	0	1	0	0	1	0	0	0	0	0	0	0	0	0	2	20	1	2	0	12	0	0	1	14	1	2	1	2	2	5	3	0	3	0	0	1	0	1	0	0	1	1	0	1	9	9	1	3	14	0	1	1	1	0	1	0	3	0	1	0	9	0	1	0	1	1	0	0	1	0	0	0	1	0	1	2	9	PD44890_92_branch_snp
185	24	14	53	181	26	20	97	564	53	25	244	289	91	24	364	0	0	0	0	0	0	0	1	0	1	0	0	0	0	1	1	1	5	17	3	3	0	4	3	1	0	12	2	3	2	8	0	7	10	1	10	0	1	0	1	1	0	0	3	4	3	1	12	15	9	2	23	0	0	1	1	0	0	2	6	6	2	0	17	6	2	1	3	0	1	0	1	0	0	0	2	6	5	2	11	PD44890_94_branch_snp
19	4	1	0	33	6	2	20	48	7	6	16	20	5	4	32	0	0	0	0	0	0	0	0	1	0	1	0	0	0	0	0	1	0	1	0	1	3	0	1	2	0	3	0	1	0	0	1	0	0	0	0	0	0	0	0	0	0	0	1	0	0	0	0	0	0	1	0	0	0	0	0	0	1	0	0	0	1	1	0	0	0	0	0	0	0	0	0	0	0	0	0	0	0	0	0	PD44890_95_branch_snp
7	0	0	2	7	3	0	4	24	1	1	14	12	4	0	20	0	0	0	0	0	0	0	0	0	0	1	0	0	0	0	0	0	0	1	0	0	0	1	0	0	0	0	0	0	0	0	0	0	0	0	0	0	0	0	0	0	0	0	0	1	0	0	0	0	0	1	1	0	0	0	0	0	0	0	0	0	0	0	0	0	0	0	0	0	0	0	0	0	0	0	0	0	0	0	0	PD44890_97_branch_snp
218	23	14	63	177	28	22	82	619	58	45	210	280	91	28	370	1	0	0	0	0	1	0	0	1	0	0	0	0	0	0	1	1	0	24	1	2	1	16	2	0	2	13	1	3	4	4	2	4	0	2	2	1	0	0	1	0	0	0	0	1	2	1	4	7	3	1	17	1	1	0	0	1	2	2	4	3	1	1	10	0	1	0	1	0	0	1	2	0	0	0	1	2	2	0	10	PD44890_9_branch_snp
84	19	6	39	120	35	15	86	176	22	14	90	189	105	14	356	7	8	1	8	4	4	1	6	3	5	0	4	3	3	1	7	31	16	180	24	14	28	102	36	23	23	119	12	8	23	82	14	9	7	1	14	2	9	11	10	0	0	0	3	5	2	3	18	38	7	19	24	6	2	12	16	7	4	8	8	15	5	8	13	3	2	2	2	1	4	3	3	2	0	4	4	2	3	2	7	PD44891_10_branch_snp
86	21	3	53	136	21	12	93	205	36	13	93	194	76	14	351	8	3	0	7	5	4	0	3	4	9	1	0	7	5	0	7	31	11	181	14	16	20	108	26	11	23	102	24	31	19	60	25	12	10	11	12	5	4	5	3	2	3	2	7	13	4	4	9	19	7	9	23	6	11	8	9	9	10	10	8	7	8	8	15	4	3	2	6	2	2	4	5	2	2	2	3	2	4	2	10	PD44891_11_branch_snp
88	20	2	30	149	28	11	79	192	28	5	120	230	77	21	381	8	5	1	9	1	3	0	5	2	4	0	3	4	2	1	17	30	24	171	17	16	19	84	30	19	22	108	15	23	27	66	27	6	5	5	10	2	3	3	3	3	1	2	2	14	4	3	6	14	9	9	29	5	5	4	12	10	6	2	8	10	6	5	12	3	1	4	2	1	4	4	6	1	3	5	3	3	5	3	10	PD44891_12_branch_snp
94	22	8	29	116	24	18	92	195	33	7	109	183	93	18	318	12	9	0	10	3	4	2	5	1	5	0	0	8	1	0	12	30	20	172	21	22	26	89	25	23	21	105	29	12	26	68	22	9	9	3	11	3	1	3	5	4	1	4	4	11	6	0	9	28	13	21	33	7	4	8	9	16	10	8	13	12	7	7	14	4	4	1	5	3	4	3	11	3	0	0	1	2	3	4	17	PD44891_13_branch_snp
94	28	7	42	147	48	7	112	215	27	10	124	243	133	15	374	5	8	1	8	3	1	0	4	5	2	0	3	3	4	0	9	21	20	170	10	10	14	80	17	8	12	101	20	8	13	67	16	6	5	5	7	2	3	5	4	2	1	3	0	5	1	0	6	17	6	18	10	5	7	8	3	8	8	3	11	10	8	4	10	6	3	0	5	1	3	2	0	0	0	1	0	2	1	4	12	PD44891_14_branch_snp
81	19	4	40	114	24	13	87	170	24	14	96	180	80	19	323	7	7	0	6	4	5	3	5	2	3	0	4	5	6	0	7	40	16	191	31	31	30	74	35	19	34	116	26	17	15	95	18	9	6	5	11	7	3	4	3	5	1	1	4	9	1	4	10	32	10	19	27	8	10	10	7	11	9	11	17	11	7	5	17	8	1	3	7	6	1	2	5	2	1	2	0	5	8	3	12	PD44891_1_branch_snp
10	1	1	4	27	2	1	9	20	0	2	12	21	14	4	57	1	0	0	1	0	0	0	0	0	0	0	0	0	0	0	1	3	0	23	1	0	1	7	1	0	3	13	2	1	1	6	2	0	0	0	0	1	0	0	0	0	0	0	0	0	1	0	0	2	1	1	1	0	0	0	0	1	0	0	1	1	1	3	0	1	0	0	1	0	0	0	0	1	0	1	0	0	0	0	0	PD44891_21_branch_snp
83	27	9	43	152	34	13	95	185	33	11	117	213	103	17	365	4	3	4	9	3	4	0	5	4	2	1	3	2	2	0	8	34	17	160	18	23	14	89	28	15	16	127	18	18	16	51	7	1	3	8	8	5	4	4	5	3	0	2	5	5	8	4	10	27	8	21	27	7	5	6	6	7	10	8	10	7	7	11	12	2	0	9	4	1	2	3	3	2	3	0	1	1	1	0	9	PD44891_24_branch_snp
84	19	1	47	150	20	14	87	170	23	10	105	172	98	13	351	7	1	0	7	5	1	1	3	1	3	0	5	3	1	0	10	21	18	203	23	16	17	89	21	17	31	140	20	22	23	83	21	9	6	7	14	3	1	6	8	2	2	2	3	10	3	1	12	32	5	14	26	5	10	2	13	8	6	3	21	8	10	3	11	4	3	6	3	4	6	3	3	4	1	2	2	1	1	3	11	PD44891_2_branch_snp
93	21	6	35	126	28	12	79	158	26	6	95	167	83	13	302	12	4	0	9	5	5	2	4	5	2	0	2	6	4	1	10	33	29	194	16	21	22	113	21	17	33	130	24	18	21	98	19	17	5	8	10	2	6	4	4	5	3	2	3	14	6	5	8	22	12	19	39	8	6	5	9	13	4	4	9	15	8	10	18	5	1	4	6	1	4	4	1	1	1	0	9	7	2	10	11	PD44891_3_branch_snp
91	16	7	43	137	27	8	78	192	26	10	122	192	87	16	320	7	3	2	4	2	3	2	0	2	3	1	3	2	1	0	12	30	23	202	28	26	26	87	25	14	18	123	20	18	11	83	19	13	3	6	11	3	1	3	7	4	0	2	3	11	1	6	14	27	12	10	21	9	9	12	10	11	4	6	13	12	9	5	17	1	3	3	2	1	1	6	6	5	1	2	3	6	3	1	9	PD44891_4_branch_snp
86	23	4	36	122	23	18	81	214	18	13	92	190	100	14	310	10	2	0	4	7	1	2	9	2	3	0	4	2	1	0	14	33	19	200	26	16	27	92	32	21	15	108	24	20	25	78	13	12	7	3	14	4	4	5	5	2	1	0	8	7	4	1	14	30	12	14	30	12	6	9	12	19	7	7	11	8	5	7	14	1	0	0	9	0	7	3	8	0	1	2	4	1	3	2	11	PD44891_5_branch_snp
79	17	4	44	124	37	17	94	190	25	17	98	208	76	17	334	11	5	1	6	3	5	1	7	2	6	1	2	2	2	0	3	28	11	217	18	14	13	91	27	18	22	139	16	20	19	78	22	3	6	6	14	7	2	2	4	6	1	0	4	9	4	3	11	25	7	13	29	6	5	8	7	13	8	10	8	11	13	8	9	4	1	1	1	3	3	4	3	1	1	0	5	2	5	4	9	PD44891_6_branch_snp
90	20	5	47	131	20	14	73	176	27	13	95	186	86	20	306	14	6	0	7	3	5	1	8	4	3	1	7	5	5	1	13	40	25	166	28	27	36	90	27	20	27	103	27	21	17	65	32	7	6	8	9	4	7	7	5	2	1	3	5	13	3	5	5	26	10	16	43	5	7	7	6	15	5	7	14	9	11	5	20	2	0	3	3	0	2	6	5	3	3	1	3	3	5	1	21	PD44891_7_branch_snp
29	6	0	11	44	4	7	22	48	10	3	25	51	20	8	65	1	2	0	2	1	0	0	6	2	0	1	2	0	0	0	6	14	6	67	13	9	11	31	6	7	4	38	8	11	14	24	9	5	4	2	3	3	2	3	2	0	1	2	0	2	1	2	3	14	5	10	13	5	4	6	5	2	5	5	5	1	1	1	7	1	1	0	3	3	3	1	5	0	1	1	1	1	1	2	3	PD44891_8_branch_snp
28	12	1	17	47	12	4	25	69	11	1	33	51	38	6	108	2	1	0	2	4	3	1	5	1	1	1	1	0	1	0	1	17	7	65	10	9	13	31	9	7	12	47	16	8	11	21	5	5	2	3	4	0	0	5	2	0	1	1	1	8	3	3	7	16	3	5	13	1	1	0	4	2	5	6	7	7	2	4	9	0	1	0	0	2	2	3	2	1	2	1	1	2	0	1	13	PD44891_9_branch_snp
83	20	5	51	123	28	7	90	179	29	7	121	349	209	26	511	2	2	0	2	4	0	0	2	2	1	0	4	3	4	1	12	19	16	131	14	12	12	56	9	11	11	76	7	14	13	40	12	4	5	3	3	1	6	1	5	1	3	1	1	6	3	2	6	9	4	9	12	1	7	2	4	9	3	5	5	9	4	3	6	3	0	2	1	1	1	2	3	0	0	0	1	1	2	5	5	PD50743_10_branch_snp
11	2	0	5	16	5	3	25	20	5	3	18	59	29	2	68	0	0	0	0	0	0	0	0	1	0	1	0	1	0	0	1	6	3	19	2	6	4	6	8	1	1	10	2	1	3	11	4	2	0	0	1	1	2	3	1	0	1	1	1	1	0	0	3	3	3	2	4	2	0	0	0	0	1	1	1	3	1	1	3	1	0	0	0	0	0	0	0	0	0	0	0	4	3	0	0	PD50743_11_branch_snp
71	23	2	43	134	45	6	112	192	39	7	135	334	208	35	452	8	5	1	3	4	2	1	2	1	2	2	2	6	1	0	4	13	13	102	11	18	3	58	13	16	18	82	9	11	12	63	10	3	4	2	3	1	3	1	2	4	0	3	3	3	3	1	4	12	6	8	15	4	4	6	5	7	4	5	5	8	5	2	8	2	0	1	3	0	2	1	3	0	1	1	2	1	2	0	3	PD50743_1_branch_snp
62	12	2	55	125	35	6	112	152	36	9	101	368	188	25	432	6	3	0	8	4	4	0	2	2	3	0	2	1	4	0	6	21	12	121	12	16	14	54	9	30	18	87	17	15	18	46	13	3	2	7	5	0	2	4	7	1	1	1	0	7	2	0	6	30	5	15	12	5	3	7	6	10	6	4	13	7	9	8	8	0	2	4	3	1	2	4	2	1	1	0	1	5	2	3	5	PD50743_2_branch_snp
78	23	5	47	128	37	9	110	153	33	7	125	346	201	20	453	5	3	0	4	0	3	0	6	4	1	0	0	3	0	0	11	22	12	120	15	12	11	55	11	7	9	72	16	12	18	50	7	3	5	3	9	3	1	4	3	1	0	1	2	6	4	5	6	21	3	18	13	9	5	11	4	12	5	2	9	5	3	7	12	3	1	4	5	0	2	4	4	2	0	2	2	2	0	3	7	PD50743_3_branch_snp
60	31	6	29	136	32	11	113	175	28	4	124	343	181	14	444	5	3	0	4	4	3	0	3	2	1	0	0	4	1	0	1	23	16	117	12	14	17	71	18	13	17	81	18	10	15	54	17	4	6	1	4	3	3	2	4	2	2	1	0	2	0	0	9	25	10	19	15	5	3	12	7	5	4	5	6	3	3	9	7	4	2	2	3	2	2	2	5	2	0	4	0	4	1	2	9	PD50743_4_branch_snp
62	25	9	39	117	23	8	128	185	35	7	115	413	217	25	478	1	1	3	2	2	1	1	3	1	1	1	3	5	1	0	4	10	9	124	16	8	12	48	14	9	14	71	12	10	12	40	12	1	5	4	10	1	2	3	5	1	0	1	3	1	0	1	4	10	1	8	13	5	4	3	1	3	5	5	6	9	7	5	6	2	0	2	2	0	1	3	3	1	2	0	1	4	0	4	5	PD50743_5_branch_snp
67	17	9	43	121	35	10	120	174	21	13	121	386	193	34	486	6	1	0	2	1	0	0	3	2	1	1	3	3	3	0	6	19	13	101	14	12	11	51	12	10	8	81	12	12	11	38	10	2	3	5	9	4	2	7	3	2	1	3	0	2	1	1	1	16	6	6	16	7	3	3	9	8	6	5	8	5	4	6	7	1	0	2	3	0	6	3	7	0	1	3	0	1	1	5	9	PD50743_6_branch_snp
67	14	5	42	118	40	17	110	184	19	9	124	379	185	17	460	8	2	0	3	3	2	0	5	0	1	0	1	3	0	0	6	20	15	111	14	12	9	40	13	13	24	82	17	20	18	42	9	5	4	3	3	1	2	10	4	2	2	0	0	4	3	3	6	15	11	8	11	11	3	8	8	12	6	2	10	6	7	4	5	2	0	3	4	1	2	4	1	2	1	1	5	4	1	2	5	PD50743_7_branch_snp
50	16	4	24	70	17	6	54	120	24	3	54	91	61	8	198	6	3	1	3	0	5	0	7	4	3	0	3	2	5	0	3	17	17	163	15	16	11	66	18	15	11	87	10	14	10	48	13	5	2	8	7	1	3	3	3	2	3	1	3	5	1	0	6	15	5	6	15	10	4	6	7	8	6	3	8	4	7	5	16	3	1	1	4	1	3	2	2	0	0	2	1	1	0	3	7	PD50744_12_branch_snp
87	12	7	42	103	26	6	61	152	18	6	96	164	90	17	306	7	3	0	8	6	2	0	5	3	6	1	1	19	9	1	42	40	14	209	26	26	22	117	27	18	16	144	26	57	32	89	28	6	5	4	16	3	6	10	5	2	2	0	2	14	3	1	9	17	11	14	18	4	9	12	10	18	5	10	10	9	11	6	7	4	1	2	9	4	1	2	2	1	3	2	1	1	3	3	5	PD50744_15_branch_snp
28	13	3	17	55	21	7	27	74	11	2	51	76	44	10	156	0	1	0	1	1	0	0	1	2	1	0	1	2	2	0	3	4	6	73	4	5	5	35	4	7	9	50	10	11	2	25	8	1	1	5	5	0	1	1	2	0	1	0	2	3	0	1	4	8	1	3	7	2	3	1	2	4	3	3	2	2	1	2	4	1	0	0	4	0	1	3	3	1	0	0	1	1	2	3	1	PD50744_16_branch_snp
33	14	3	16	53	10	6	42	79	12	4	49	81	50	8	164	4	4	0	1	1	2	0	0	2	0	1	1	1	1	0	2	4	6	89	9	6	6	42	12	6	5	57	4	8	8	41	9	3	5	1	7	2	1	2	6	1	0	0	2	5	2	1	2	5	5	4	6	2	5	4	4	5	4	2	6	7	3	2	6	0	1	0	2	2	2	2	5	0	0	1	3	1	2	3	4	PD50744_17_branch_snp
88	19	5	36	106	33	10	83	199	30	6	98	149	86	19	329	7	4	0	9	2	8	1	10	4	3	1	3	8	4	1	16	37	24	189	18	28	28	104	26	26	26	123	18	26	21	77	21	11	5	12	12	3	7	5	9	3	0	1	2	2	4	2	13	28	7	12	27	9	9	11	6	12	6	5	11	12	10	8	12	5	2	4	1	2	4	6	4	2	3	1	1	5	4	5	6	PD50744_1_branch_snp
84	15	5	60	91	22	6	68	205	22	10	127	181	102	15	412	12	6	2	5	2	3	0	6	2	3	1	5	5	6	0	10	29	19	185	24	17	17	100	20	21	13	139	19	17	15	66	15	4	8	7	13	1	3	8	7	1	1	2	9	4	2	6	11	21	10	13	16	4	7	10	7	9	10	9	9	9	7	2	12	5	0	1	4	1	2	5	5	3	0	2	5	1	4	3	8	PD50744_2_branch_snp
80	21	10	37	127	28	8	67	202	31	10	98	181	87	18	314	4	3	2	4	4	4	1	7	5	5	0	2	4	7	2	6	24	19	205	10	25	22	114	22	22	21	161	21	30	20	85	17	11	6	11	12	5	5	4	2	1	5	0	4	10	6	2	10	25	10	12	21	4	7	3	6	12	15	8	8	5	9	6	7	6	4	4	4	2	3	2	6	2	0	2	3	1	1	3	8	PD50744_3_branch_snp
89	15	8	50	120	18	15	80	195	29	9	115	191	86	19	343	3	5	0	6	0	3	2	10	4	4	1	3	4	5	1	14	31	14	201	17	22	16	106	19	12	17	134	16	18	19	74	18	3	7	6	16	3	6	10	7	3	3	3	4	5	2	5	14	21	6	12	20	5	10	6	13	8	7	7	15	11	3	10	12	2	2	5	7	1	4	6	5	5	2	1	3	3	1	2	7	PD50744_4_branch_snp
89	20	9	39	105	21	7	92	179	42	10	128	198	114	23	338	3	5	0	3	4	6	1	9	2	4	1	2	10	12	0	20	30	17	177	14	20	16	87	21	18	15	90	21	23	23	57	24	10	13	9	9	3	3	6	9	0	2	5	2	8	4	3	16	25	10	29	24	11	5	9	8	14	6	8	12	14	2	8	18	3	0	1	4	4	0	0	9	1	1	1	1	3	4	3	11	PD50744_5_branch_snp
42	14	2	23	53	15	5	41	87	10	4	45	69	36	9	130	2	1	1	1	2	1	0	3	0	0	0	2	2	3	0	5	7	8	94	9	8	11	39	14	8	6	52	6	7	7	40	10	9	3	1	6	2	3	2	4	1	0	2	2	8	1	1	4	12	4	9	7	3	2	4	5	6	4	2	4	3	1	4	7	3	0	0	2	2	5	2	1	1	0	1	3	1	1	2	6	PD50744_6_branch_snp
26	2	2	12	27	6	3	21	49	8	1	35	43	18	1	81	3	2	0	0	1	1	0	1	0	1	0	2	1	2	0	1	11	7	56	2	4	7	24	9	3	5	36	4	2	4	21	5	1	2	2	5	1	3	3	3	2	1	1	4	2	2	1	1	16	2	4	1	5	1	1	3	1	1	3	5	3	5	3	4	1	0	3	0	1	0	1	2	0	0	2	0	0	0	3	2	PD50744_7_branch_snp
20	12	2	12	27	16	3	26	56	8	1	31	52	26	7	79	2	1	0	4	2	0	0	2	0	2	0	1	2	0	0	9	5	6	52	7	10	9	23	7	3	11	51	6	8	5	19	3	7	4	2	8	0	1	5	0	4	1	0	0	4	1	0	5	7	1	4	5	2	1	4	3	1	6	3	4	3	2	2	6	1	1	2	2	2	0	3	0	1	0	2	0	1	1	2	1	PD50744_8_branch_snp
40	9	1	10	40	11	3	24	61	14	4	46	61	35	12	122	1	2	0	6	1	1	0	4	0	1	0	2	1	1	0	4	8	7	72	9	10	6	29	2	6	7	60	9	9	5	37	7	4	1	7	6	0	1	2	5	1	0	0	4	7	2	2	5	10	7	6	8	2	6	6	4	6	4	6	0	4	4	5	4	1	0	2	1	0	1	2	1	0	0	0	3	3	1	1	4	PD50744_9_branch_snp
7	2	0	5	8	3	1	7	12	3	0	10	28	20	6	19	0	0	0	0	0	0	0	1	0	0	0	0	0	0	0	0	2	1	10	2	0	0	8	0	0	1	12	0	1	0	3	1	0	0	2	0	0	0	0	1	0	0	0	0	1	0	0	1	0	0	0	1	0	0	0	1	1	0	0	1	0	2	0	1	0	0	0	0	1	0	0	1	1	0	1	0	1	0	0	0	PD50745_10_branch_snp
60	22	7	43	110	44	7	103	190	41	9	142	333	196	22	464	8	4	0	9	2	4	1	3	3	4	0	6	1	4	0	6	19	7	71	13	17	10	47	10	18	13	52	12	13	24	26	13	2	7	3	6	2	3	5	5	1	5	1	2	9	6	2	8	21	8	19	23	5	7	9	11	10	5	6	13	7	4	5	8	5	1	4	3	3	3	3	7	2	1	3	3	7	5	3	6	PD50745_13_branch_snp
5	1	1	1	11	1	2	18	9	1	0	8	16	5	2	14	0	0	0	0	0	0	0	0	1	0	0	0	0	0	0	0	3	0	13	0	0	0	4	0	0	3	6	1	1	1	4	0	1	0	0	0	1	0	1	0	0	0	0	0	1	1	0	0	0	0	1	0	0	1	0	1	0	0	0	0	2	0	0	2	0	0	0	0	0	1	0	1	0	0	0	0	0	0	0	0	PD50745_16_branch_snp
76	27	10	51	110	40	16	102	202	33	9	123	358	196	24	493	5	2	0	2	1	2	0	4	1	0	0	2	6	3	0	10	16	9	119	10	12	6	60	11	10	11	74	11	13	19	41	6	3	3	2	3	3	1	1	2	2	3	2	3	5	4	1	8	8	5	6	9	3	2	6	3	12	3	9	6	1	3	1	12	3	3	1	1	0	3	4	2	2	0	0	1	2	3	0	4	PD50745_17_branch_snp
54	14	4	40	112	41	12	102	158	35	6	121	315	157	17	456	5	0	0	5	2	1	0	1	1	1	0	4	4	0	0	6	15	7	71	11	17	10	39	10	12	17	69	8	13	9	36	9	0	1	1	4	0	2	0	3	0	1	0	0	3	2	1	3	10	6	5	8	1	2	1	4	1	4	1	2	4	5	2	5	0	1	0	2	2	1	0	3	0	0	1	2	0	3	1	3	PD50745_18_branch_snp
69	12	6	46	105	34	8	92	172	29	6	108	303	165	29	404	1	2	1	6	4	1	0	2	0	1	0	2	4	2	0	3	20	9	119	16	8	15	65	9	8	16	91	10	9	11	58	10	3	2	3	4	1	2	2	3	3	0	2	1	7	2	2	6	10	4	11	17	4	3	6	4	8	7	2	13	6	1	2	7	3	0	0	1	0	3	1	5	0	0	1	2	2	1	1	3	PD50745_19_branch_snp
23	8	2	21	78	11	6	37	58	13	6	31	101	53	7	137	2	2	4	4	2	4	3	12	3	1	2	7	8	3	1	6	16	8	30	16	14	8	18	19	6	11	28	13	16	11	13	15	7	6	9	10	0	5	9	6	5	4	4	0	5	4	3	7	36	13	16	30	14	5	7	5	20	5	10	17	10	5	6	12	1	4	3	5	2	5	1	6	1	1	3	3	10	5	7	6	PD50745_21_branch_snp
5	6	0	3	21	3	4	21	17	4	1	16	39	22	2	62	3	0	0	5	0	2	0	4	0	1	0	2	0	1	0	4	0	5	6	2	5	0	3	2	1	3	4	2	6	3	3	6	6	3	2	4	1	1	1	0	1	0	0	1	0	0	1	4	7	0	3	3	0	0	1	5	1	0	3	2	4	1	0	5	0	1	2	2	1	1	3	0	0	0	0	1	2	0	0	4	PD50745_22_branch_snp
60	18	3	36	133	43	13	138	183	24	9	152	317	184	20	433	4	4	1	3	3	3	1	1	1	1	0	3	2	4	1	5	27	12	154	14	18	19	55	8	13	12	88	15	15	8	46	8	3	0	1	10	2	3	1	3	5	1	1	1	10	1	0	5	18	4	6	8	1	9	5	5	7	7	5	8	7	6	4	8	1	1	5	3	1	1	0	1	0	4	0	2	3	1	4	3	PD50745_24_branch_snp
8	1	0	2	9	3	1	8	15	5	1	8	25	10	0	19	0	0	0	0	0	0	0	1	0	0	0	0	0	0	0	0	3	0	13	2	1	1	7	2	0	1	3	1	2	1	3	1	0	0	0	0	1	0	0	1	0	0	0	0	1	0	0	0	1	0	1	0	0	2	0	1	1	2	0	0	2	0	0	0	0	0	1	1	0	0	0	0	0	0	0	0	0	0	0	0	PD50745_25_branch_snp
64	19	5	49	104	46	10	141	210	35	7	137	379	194	21	401	4	6	0	3	1	6	1	10	1	1	0	1	4	3	0	6	7	10	88	6	19	14	42	15	15	11	56	13	10	11	25	7	6	2	1	8	1	1	4	4	2	1	0	0	5	1	2	7	9	4	7	2	4	4	2	5	8	4	3	4	5	0	2	4	3	0	0	3	2	1	2	3	0	0	0	3	4	3	3	6	PD50745_3_branch_snp
79	21	3	46	139	41	9	119	195	26	9	123	386	198	32	417	5	5	0	12	1	2	0	7	1	1	0	0	4	6	0	3	12	9	114	14	24	12	43	9	9	17	78	15	14	17	40	16	2	2	3	9	3	4	0	1	0	0	1	3	7	1	0	4	12	3	8	10	4	5	6	4	3	9	6	4	4	3	5	9	3	3	1	3	2	1	2	0	1	1	2	3	0	5	2	3	PD50745_4_branch_snp
73	21	5	57	126	37	11	128	204	43	9	116	350	204	26	477	3	0	0	1	2	0	2	10	2	0	0	3	2	1	0	3	14	11	123	15	10	14	55	16	10	7	67	8	10	20	43	10	6	4	1	8	3	1	0	1	1	0	1	1	8	4	2	1	5	6	7	8	2	2	1	6	3	6	6	8	7	5	3	2	3	1	1	0	1	1	4	4	3	1	0	2	3	0	3	5	PD50745_5_branch_snp
52	21	3	39	115	34	6	94	116	31	8	104	225	150	23	337	6	4	2	5	6	10	2	9	8	5	1	2	10	11	1	18	29	15	56	13	18	17	31	24	14	12	42	12	24	17	24	20	14	12	8	10	6	4	8	5	4	5	4	7	16	6	6	14	40	18	31	36	14	12	12	19	17	9	19	22	17	17	11	18	5	3	3	8	2	9	9	7	1	1	3	3	5	6	5	15	PD50745_6_branch_snp
4	0	0	3	10	3	1	5	8	2	1	5	12	8	0	16	1	0	0	0	0	0	0	0	0	0	1	0	0	1	0	1	1	1	3	1	0	0	2	0	1	1	2	0	3	1	1	1	2	0	0	1	0	1	0	1	0	1	0	0	0	0	0	1	2	1	0	1	1	1	0	1	1	2	0	0	1	1	1	3	1	1	0	0	0	0	0	2	0	0	1	0	0	0	0	2	PD50745_7_branch_snp
3	2	0	2	9	4	1	4	8	2	1	8	11	9	1	20	0	0	0	0	0	1	0	0	0	0	0	0	0	0	0	0	1	0	2	0	2	2	2	0	1	2	2	1	1	2	1	2	2	1	0	0	0	1	2	0	0	0	1	0	0	0	0	0	0	2	1	2	1	0	0	0	1	1	1	0	3	0	2	2	0	0	1	0	0	0	1	1	0	0	0	0	0	0	0	1	PD50745_8_branch_snp
17	6	0	14	61	10	3	36	41	12	2	32	120	57	7	141	0	0	1	1	4	0	0	3	1	1	0	0	5	5	0	4	5	4	11	3	5	4	11	9	2	5	17	5	7	9	4	7	5	4	7	2	1	3	2	2	3	1	1	2	5	4	3	3	6	1	7	10	5	1	0	3	4	3	4	7	7	1	0	2	1	1	2	0	0	0	1	1	1	2	1	1	1	1	2	3	PD50745_9_branch_snp
71	26	4	42	141	45	14	111	156	33	11	101	330	178	27	348	5	4	3	4	1	6	2	6	3	3	0	4	7	8	3	16	18	12	77	17	19	13	29	10	10	19	52	18	19	21	34	20	9	14	5	10	3	6	5	2	2	3	1	2	5	3	4	9	29	3	30	33	14	7	11	13	18	5	11	15	16	11	7	15	9	0	2	6	3	4	1	9	7	3	2	4	10	4	2	12	PD50746_14_branch_snp
7	0	2	5	18	1	1	11	22	5	0	21	31	23	2	59	0	0	0	1	0	0	0	0	0	1	0	0	0	0	0	1	1	0	14	2	0	3	5	2	2	1	5	2	3	1	7	1	0	0	0	1	0	0	3	0	0	1	0	0	2	1	0	0	1	1	0	1	1	1	0	2	1	0	0	0	0	3	2	1	0	0	0	0	1	1	0	0	0	0	0	0	1	0	0	0	PD50746_15_branch_snp
57	19	5	40	176	47	13	129	141	29	3	91	258	141	23	360	5	3	1	4	7	6	1	5	4	1	1	4	4	6	0	9	24	12	95	21	24	25	50	33	24	19	46	27	17	22	28	20	12	17	5	13	4	8	7	4	4	5	7	8	15	15	4	20	29	9	20	37	7	14	13	8	13	5	11	18	9	12	8	14	0	0	5	4	0	3	8	4	0	2	3	3	3	5	2	3	PD50746_1_branch_snp
53	21	6	37	104	44	10	78	78	25	6	46	143	81	8	177	18	5	0	8	8	7	3	14	5	3	0	6	7	6	3	17	36	22	62	24	29	34	58	47	32	21	63	37	24	37	42	46	16	12	8	21	5	8	6	13	3	6	4	5	7	9	9	11	50	25	50	30	16	12	14	18	18	14	14	29	17	16	11	21	5	6	5	7	5	5	12	13	2	3	4	6	9	3	7	17	PD50746_2_branch_snp
59	23	4	38	124	48	15	95	158	29	10	107	311	180	17	426	2	2	0	1	3	5	2	9	4	1	1	3	29	11	1	33	12	16	73	21	18	13	46	18	16	15	67	12	37	23	35	36	7	8	7	6	4	4	6	2	2	6	3	3	5	3	4	3	27	7	21	13	8	10	5	8	11	4	9	12	15	3	9	9	3	1	3	4	1	1	4	7	0	4	2	3	5	1	1	7	PD50746_5_branch_snp
88	21	4	45	134	46	12	104	189	34	13	129	381	190	25	475	5	4	0	4	5	5	2	2	2	3	0	4	4	2	0	11	13	11	66	4	11	11	50	13	9	14	52	10	13	11	25	11	7	5	5	6	4	5	3	4	2	2	5	4	10	6	0	3	19	5	9	13	5	4	4	5	10	4	3	6	10	9	5	8	2	0	1	2	1	4	1	4	2	1	0	3	8	0	4	10	PD50746_6_branch_snp
50	18	10	21	96	40	11	85	94	18	2	50	174	86	8	247	7	7	1	10	8	7	2	17	7	1	2	5	11	8	1	28	31	16	47	22	20	22	12	22	13	20	21	14	26	35	13	18	18	14	15	9	8	7	12	9	7	4	9	5	5	9	6	22	46	22	37	39	13	9	14	11	11	8	15	33	30	10	18	23	7	6	4	11	4	6	5	13	4	1	5	6	8	9	6	19	PD50746_7_branch_snp
84	21	2	43	123	22	12	113	217	30	5	142	382	181	24	494	1	2	0	3	3	0	1	1	0	0	1	2	4	2	0	8	15	7	89	8	10	14	51	12	13	11	75	6	22	16	31	11	6	3	3	7	1	4	3	3	4	0	2	4	6	3	2	10	5	7	14	13	5	2	6	5	4	2	4	2	6	8	5	9	1	1	0	4	1	2	1	3	0	1	1	1	0	0	2	10	PD50746_8_branch_snp
71	20	7	58	112	48	8	109	189	42	6	149	403	191	36	491	4	2	0	2	1	4	0	3	0	1	0	3	3	3	0	3	14	6	114	3	9	8	59	12	9	11	61	11	16	8	40	7	7	3	0	7	3	1	1	3	1	0	0	0	10	2	3	2	10	1	4	4	6	4	4	4	2	3	2	5	7	3	4	6	0	2	2	5	0	2	1	4	2	0	2	0	2	1	3	5	PD50747_10_branch_snp
105	21	3	47	128	35	7	104	219	31	11	161	345	196	23	474	2	2	1	5	1	2	1	1	1	1	0	2	6	2	0	8	19	9	103	9	9	8	52	10	13	12	70	14	9	18	30	8	7	2	3	5	0	3	1	4	3	0	2	1	3	0	3	2	10	5	6	9	4	7	8	7	6	2	4	5	5	4	5	7	1	2	0	4	0	1	2	3	0	1	2	1	1	4	3	4	PD50747_11_branch_snp
87	25	6	48	99	34	7	97	209	37	12	169	387	219	19	558	4	2	0	2	1	1	1	1	3	1	0	0	2	4	0	1	16	10	89	10	9	11	32	10	5	13	56	9	10	10	35	6	1	2	2	7	2	1	4	4	1	0	2	0	7	3	2	6	15	2	3	7	4	5	5	6	5	1	4	2	3	2	3	4	1	1	1	4	1	1	0	0	0	0	1	2	1	3	0	2	PD50747_12_branch_snp
54	19	3	29	80	34	8	65	123	23	10	88	255	120	12	308	5	3	1	2	5	3	0	1	0	4	1	1	6	2	1	6	8	3	60	8	8	4	33	4	2	9	33	8	11	3	25	9	2	0	2	5	0	21	5	18	4	1	0	2	5	6	0	8	5	5	8	9	5	55	19	45	2	9	7	8	8	5	2	4	2	5	1	28	7	96	21	439	2	11	6	79	5	2	2	19	PD50747_15_branch_snp
80	25	4	54	123	35	14	97	196	30	10	126	396	203	25	451	5	2	1	9	1	0	0	1	4	3	0	1	2	3	0	18	12	8	55	6	9	6	44	13	9	11	48	10	25	15	27	13	6	4	4	6	2	1	2	10	1	2	2	5	11	0	3	12	6	4	15	9	7	10	4	12	8	4	3	6	8	2	4	6	1	0	2	9	3	3	7	34	0	1	0	6	6	1	4	14	PD50747_16_branch_snp
10	6	0	6	29	15	7	24	24	3	1	17	57	39	4	77	2	0	0	1	0	0	0	1	0	0	0	0	1	2	0	3	3	2	15	2	4	2	10	0	0	2	19	2	11	2	4	3	1	1	0	1	1	1	0	1	1	1	0	0	0	0	0	2	2	1	1	0	0	2	2	3	0	2	1	3	3	1	0	0	1	0	0	2	0	1	1	4	0	0	0	1	1	0	0	3	PD50747_1_branch_snp
76	18	6	43	118	38	9	125	194	36	10	151	403	226	31	494	2	0	0	2	4	1	1	5	2	3	0	1	2	1	1	2	16	7	94	9	8	12	53	9	13	13	57	4	8	6	45	8	1	0	3	7	1	2	3	2	1	3	1	0	7	0	1	6	11	2	3	8	2	3	3	0	3	2	5	3	4	5	3	2	1	0	3	3	0	3	1	3	3	1	0	2	1	1	9	5	PD50747_20_branch_snp
82	16	7	53	133	36	8	116	182	37	8	132	394	209	24	536	4	1	1	2	2	2	2	5	3	1	0	3	2	3	0	3	16	7	108	6	11	7	42	11	9	12	61	11	11	8	39	12	5	0	2	7	1	3	3	2	1	0	0	1	6	0	1	7	3	5	5	8	3	5	3	1	2	3	4	7	3	4	1	3	0	0	0	2	0	2	2	4	1	0	0	0	3	5	1	3	PD50747_23_branch_snp
9	3	0	10	16	14	1	16	30	6	0	33	49	26	3	62	0	0	0	1	1	0	0	1	1	0	0	1	0	0	0	3	3	1	10	1	1	2	8	1	2	4	12	1	3	2	6	2	0	0	0	1	0	1	0	0	0	0	0	2	0	1	0	1	0	0	1	3	1	1	1	2	2	0	1	1	1	2	1	1	0	0	0	2	0	2	0	11	0	1	1	2	0	0	0	4	PD50747_2_branch_snp
36	7	2	17	50	8	1	28	65	8	4	52	122	66	17	171	1	0	0	0	1	1	0	1	1	0	0	1	3	1	0	1	6	5	13	2	4	2	15	3	3	2	18	5	8	3	7	3	0	0	1	4	2	1	1	1	1	0	1	1	2	1	0	0	2	0	3	3	1	3	0	2	2	4	2	1	3	2	2	3	3	1	1	0	2	1	1	2	0	0	0	0	2	1	1	3	PD50747_3_branch_snp
19	6	1	11	23	10	4	23	36	8	1	21	88	48	8	87	0	0	0	2	1	1	0	0	0	0	0	0	0	0	0	3	4	0	7	4	1	1	8	4	1	3	8	3	1	0	7	2	2	1	0	2	0	0	1	1	1	1	0	0	1	0	0	1	1	2	0	1	4	1	1	3	0	0	0	1	3	2	1	0	0	1	0	1	0	0	0	0	0	0	0	1	0	0	1	1	PD50747_4_branch_snp
29	6	3	16	31	17	9	30	67	13	2	45	138	72	15	179	1	1	1	0	0	0	0	2	0	0	0	0	5	2	1	4	4	2	12	5	1	0	12	8	3	2	10	2	4	2	2	5	3	1	1	6	1	2	0	2	2	1	1	1	2	2	0	2	4	3	1	5	1	1	2	5	2	0	2	2	5	1	2	2	1	0	2	1	0	0	1	1	1	0	1	2	0	3	0	2	PD50747_5_branch_snp
62	29	6	47	129	41	15	123	179	36	7	137	370	175	25	478	2	2	1	2	0	1	0	1	1	1	0	4	3	4	0	7	12	14	103	13	7	9	44	13	6	19	79	11	11	18	38	11	5	1	3	11	2	3	2	7	1	1	1	2	6	4	2	2	16	6	17	14	2	1	6	6	3	4	4	9	13	6	4	4	2	2	1	2	4	3	1	10	1	0	2	0	1	1	0	6	PD50747_6_branch_snp
71	19	5	49	131	36	9	112	220	31	8	130	360	196	25	494	4	4	2	2	3	2	0	0	0	2	0	2	1	1	0	7	18	12	93	17	8	15	54	9	13	12	73	10	6	14	52	11	2	3	5	3	1	1	1	3	2	2	1	1	6	0	1	10	9	4	5	10	9	3	6	3	5	5	1	6	2	5	6	5	4	0	2	3	2	3	2	2	1	2	2	3	2	0	1	2	PD50747_7_branch_snp
74	18	7	48	135	41	13	111	204	18	9	124	350	219	29	501	4	5	0	4	2	1	0	3	4	1	0	3	3	4	0	4	11	9	103	16	9	14	47	9	14	10	67	14	11	16	44	9	4	7	1	5	0	2	3	0	0	2	1	2	6	2	2	3	12	6	12	10	3	1	2	6	2	3	5	4	6	3	6	4	2	1	1	1	3	4	2	2	0	0	3	2	2	3	4	3	PD50747_8_branch_snp
75	23	8	51	117	27	6	110	183	41	8	127	380	186	34	441	3	6	0	3	0	5	0	3	0	1	0	1	2	1	0	7	18	11	126	9	10	10	51	20	14	15	85	10	17	14	43	12	3	3	3	4	1	3	2	6	1	1	3	3	5	1	0	4	14	5	10	11	5	3	4	8	8	6	2	4	7	4	5	6	2	1	4	3	1	2	1	4	2	2	2	1	2	2	4	8	PD50747_9_branch_snp
