N0	N1	N2	N3	N4	N5	N6	N7	N8	context
0.0203153779195512	0.0285917607847746	0.0807153132870945	0.0345872789266554	0.0490344620845205	0.00715599924255261	0.00797676681329434	0.0129127712308767	0.00992356870271006	A[C>A]A
0.011214725437286	0.00954981449064143	0.00960638455278037	0.0058905866944156	0.0393723494072351	0.0062619456911134	0.00612342114282179	0.0032837606299562	0.00549248405423677	A[C>A]C
0.00374549082690514	0.00207294661425096	0.00479575785204156	0.00184987047972507	0.00524305433625331	0.00253572260713642	0.0024326708704733	0.00225973815042823	0.000914351064256469	A[C>A]G
0.00915500981961511	0.0214043225545385	0.0267564689820653	0.0142238675904847	0.0335163387846276	0.00757696312788549	0.0104493462301954	0.00736098182481703	0.00357962381092709	A[C>A]T
0.0563677737702756	0.0545962914230082	0.0806728689030705	0.0488087145610322	0.0326667967301224	0.0218875817093163	0.284748811039006	0.0225105700347005	0.00640726046081291	C[C>A]A
0.0119353268804943	0.0194644421673195	0.0124538294091124	0.0053375916625294	0.0462108916019969	0.0215687621611215	0.0339647689575485	0.00271301234790757	0.0084592079538306	C[C>A]C
0.00701953286064807	0.00494575211546895	0.00927441277002674	0.00231480113799982	0.0281834225379012	0.00436587388880602	0.0279441530877179	0.0058329964152374	0.002252449205125	C[C>A]G
0.0145656814729208	0.0546716698593231	0.0324648788037037	0.0253203511401139	0.0636641839606985	0.0299921071839912	0.153580426253684	0.0152631235181511	0.00359140271501171	C[C>A]T
0.00766933033510263	0.0799807435917421	0.251782933120899	0.0742049690588214	0.0062582829079246	0.00688539895495155	0.00938509775278303	0.0289778986729553	0.0103520584961315	G[C>A]A
0.00637535526826323	0.0168124276357482	0.0242700532474298	0.00341133754532747	0.0844384848169918	0.0111866391506532	0.00432509347183708	0.00350542332139126	0.00335048812814062	G[C>A]C
0.00306327029707014	0.0039696909898987	0.0127738204567531	0.00168778853128512	0.0198145503165902	0.00269285918811623	0.00339310932605949	0.00585641983845539	0.00392590901845588	G[C>A]G
0.00686602093387021	0.0621690576547592	0.101938784565909	0.0322310541271067	0.103708578642468	0.00338178373825452	0.0062952892466801	0.00507353468248859	0.00854217418819219	G[C>A]T
0.00879877958760966	0.1999065586736	0.12061237420883	0.0534304466006826	0.00963309558937525	0.0149761800789659	0.0227145893158959	0.011793198010899	0.010596013146996	T[C>A]A
0.00985123409007494	0.104822946823052	0.0409031028383362	0.0201336244543162	0.0420767754729243	0.0243315242307535	0.00378010984942448	0.0174999014021448	0.00447378061104796	T[C>A]C
0.00407858599765274	0.013236616964386	0.0121682870297136	0.00480919423564614	0.0153391206116594	0.00154921968237026	0.00920003498336769	0.00281842046675901	0.0012449596079028	T[C>A]G
0.0557873193554258	0.226741706360367	0.151573358350884	0.135362523167909	0.00737315506676819	0.00698335204978882	0.0110667748062558	0.0160262108060648	0.0138342082657365	T[C>A]T
0.00525749024254146	0.000592668897338224	5.50824236838868e-05	0.00305029609210063	0.00669429508841195	0.00790567072729339	0.0017363774675643	0.0027137564102757	0.00317022461369563	A[C>G]A
0.00153594759470293	0.000467630933996829	6.68610493280559e-05	0.00190480998118704	0.00206500799539484	0.0064294946287325	0.0013610642135151	0.000374139975285842	0.00167664487378394	A[C>G]C
0.00168228173258333	0.000169619897208738	2.19141365462811e-05	0.000311568676736845	0.0005623947745314	0.000675456181130093	0.00224063014861819	0.000362191223346533	0.000726235862215502	A[C>G]G
0.00660090659956	0.00080384732563743	0.000151322097659139	0.00266365567488469	0.00646057138224784	0.00434358290360821	0.00269846240851333	0.000596609484931916	0.00114864825756955	A[C>G]T
0.00408364842603587	0.000271944902687661	7.85521792476266e-05	0.00138490358306698	0.0010458625704199	0.00620983001730746	0.00129504234526591	0.000675147319819574	0.00369133008951773	C[C>G]A
0.00421458306670226	0.00019867043171869	6.35766942092044e-05	0.00150395278955404	0.00176249026900969	0.00897423748554184	0.00121318909315292	0.000829423330975578	0.00180605940611364	C[C>G]C
0.00206717073983358	0.000158577899678604	6.79881550451506e-06	0.000404073421316606	0.000778182939813073	0.00231140769431749	0.000687488164115837	0.000360725409328235	4.24400021036703e-05	C[C>G]G
0.0115783899049605	0.000308537969948022	7.31984578940837e-05	0.00266459687462806	0.00481245334323942	0.00989990346108662	0.000887874578787094	0.00133742848152647	0.00048826740471507	C[C>G]T
0.00453955674702117	0.00023549173260608	1.74200888769039e-05	0.00124764014868925	0.00110710641337655	0.00460775900061305	0.00189069348178192	0.000783380114117451	0.000224055433840921	G[C>G]A
0.00271962539425815	0.000190483375458068	7.31083076652671e-05	0.00131190170476125	0.00295892089900912	0.00341253648267556	0.000530695866930457	0.00055311023243664	0.00306535658142245	G[C>G]C
0.00140349079977631	5.79603807737481e-05	1.77755666878346e-05	0.000126402770848853	0.000729743954196397	0.000943600479023496	0.00132491433379798	0.0002486761043477	0.000806913211691277	G[C>G]G
0.00517413648855672	0.000340622657425072	7.14367723105657e-05	0.00149848617870893	0.00330449377455668	0.00394412085595919	0.00131501834903915	0.00088652032941516	0.000637638245859636	G[C>G]T
0.0253549123910407	0.00105901447548875	0.000114737100654601	0.00115750810830438	0.00730080103217683	0.00379589674934258	0.00143289256849089	0.00165904217922779	0.00355018944768702	T[C>G]A
0.0143895941376232	0.000475886862901766	5.60117643803247e-05	0.001705320983449	0.000928073831186048	0.00343984675875728	0.00307618644305753	0.000552540276488519	0.00120411747156963	T[C>G]C
0.00258501895894058	9.1563571511153e-05	1.14877819557592e-05	9.77208112200823e-05	0.000391189825662675	0.000684105460856842	0.00310869186447711	0.000935456763442693	0.000660974142803588	T[C>G]G
0.0448823020673411	0.00173511335907955	0.000299725082130295	0.00327789585593274	0.0155537136572366	0.00685428298929438	0.00289249638185375	0.000925794799222096	0.00339428053426619	T[C>G]T
0.00868486320773843	0.00169054308528188	0.000585902656008439	0.0147256304909987	0.00659482843948806	0.0294457402877877	0.00943484544289827	0.00147199663120619	0.00300328848470593	A[C>T]A
0.00687067526167456	0.00127755203093632	0.000355336904866092	0.00936592154874807	0.00127345501543577	0.016956086639126	0.00178108228410531	0.00334593273506541	0.000874480938945667	A[C>T]C
0.00546607979662814	0.012137646425493	0.00566340377229455	0.104002898685424	0.00467222228893489	0.00772640545095619	0.0540273998217551	0.0114621790346024	0.0196082730067567	A[C>T]G
0.00935635762263263	0.00197609476927628	0.000397298414015562	0.0099919771594816	0.00756380364767167	0.0199432869697439	0.00688558347089042	0.00365563693365654	0.00313270640292798	A[C>T]T
0.0126811777220416	0.00110182479554158	0.000434132462281801	0.0102435969899954	0.00312221538808764	0.0237986997314986	0.00795720761108082	0.00360542029097718	0.0039295236310198	C[C>T]A
0.00380682878775073	0.000695339435670563	0.00051563004336188	0.0113108779898266	0.000999956861881405	0.0287839191480701	0.0102153288938064	0.00186551739235456	0.00139463135263283	C[C>T]C
0.00933320551292896	0.00852915588237776	0.00291795924207441	0.0500568468590367	0.00871487783068367	0.00501336892153014	0.046260149558285	0.00601892283216227	0.0116064814185235	C[C>T]G
0.0123166167976511	0.00136470137664984	0.00048348866505439	0.0112832994645037	0.00642201275735908	0.0296061924706699	0.00620929580744804	0.00286726110667072	0.00129763310704177	C[C>T]T
0.0085882165850854	0.00131094243606541	0.00036234034624585	0.00895704450564956	0.00736995027531987	0.0186995990599515	0.012182240137929	0.0015159299213342	0.000603434007832279	G[C>T]A
0.00866261611603609	0.00217605032505974	0.00051886998926492	0.0111383732239594	0.00246769545157413	0.0171031185505229	0.00634832029246719	0.00239265659413588	0.00402665819339285	G[C>T]C
0.0103515026692047	0.0117071249572107	0.00342919205722431	0.0643444557976367	0.017623011063203	0.00566984291956551	0.0276992392417237	0.0148990716210727	0.00710560207733366	G[C>T]G
0.00600172684866247	0.00185141614251532	0.000416999331783205	0.00973021265596097	0.00586041491629044	0.0259643706034554	0.00325222777198412	0.00396364083087983	0.00351639286216216	G[C>T]T
0.0521852994044248	0.00278286325104107	0.000447061668933059	0.00871371389352713	0.0108545469102384	0.00811746290757907	0.00566929944526256	0.00239657338247367	0.00566057940617369	T[C>T]A
0.0219594493682748	0.0023987492208326	0.000633102692921876	0.0103902989113542	0.00285741754509059	0.0224978221180314	0.00561666468825491	0.0015955510284848	0.000716716034369227	T[C>T]C
0.00415655026410944	0.00553317671760785	0.0019554685230365	0.0400545828128114	0.0050484113521486	0.00515897415885399	0.0147798707106546	0.00735673413017377	0.00856688814876206	T[C>T]G
0.0303402588771715	0.00225531978446086	0.000403403773359948	0.00912697153949843	0.00984795807750287	0.0159475759131807	0.0133881008867373	0.00207050384618792	0.00404281524190241	T[C>T]T
0.0142779485459357	0.000421266721686843	0.00020467741732189	0.00320146223346575	0.00478083055408972	0.0109351084332642	0.00590409988665262	0.0397341590281153	0.00105537462698306	A[T>A]A
0.00826577525000145	0.00056852755744095	2.27917054102676e-05	0.00199438119338097	0.0041951710958397	0.014810775112412	0.00453614085418665	0.0287379397742454	0.000124467663786866	A[T>A]C
0.00991018795515665	0.000492523364330388	9.37155847547819e-05	0.00286348496916018	0.00484204035132806	0.00601762524186523	0.00378998628994144	0.002382795880217	0.000916717287707476	A[T>A]G
0.0109157457586921	0.00173873016995625	0.000236680860240009	0.00410267575985451	0.0124809330246441	0.00697385725706329	0.00617610318761078	0.0432260740799336	0.0021148335831625	A[T>A]T
0.00614866049558645	0.000249353943825477	6.85579453639317e-05	0.00135357023848326	0.00200984415152562	0.00327503018979332	0.00343863157509133	0.0011291312583088	8.80696577679279e-05	C[T>A]A
0.0061126215777784	0.0003369284138383	2.50528395802518e-05	0.00184117828386866	0.00238951022611857	0.00563402311801761	0.00373130076749423	0.00116284073014591	0.015946610979767	C[T>A]C
0.00708901912128997	0.00029332135629383	5.09249321729278e-05	0.00221071970736122	0.00333665514200291	0.0108669414513614	0.00343358025736161	0.000888511974737624	0.0034189242566948	C[T>A]G
0.00526787865537101	0.000812791895530995	0.000143304591971099	0.00229699664672762	0.00613259641731664	0.00554082548213224	0.00384334363200267	0.00212532251138274	0.0149395014438646	C[T>A]T
0.00455728142801396	0.000156253499584374	0.000120475740875537	0.00120616356800749	0.000485430870256738	0.00306069852642011	0.00121316423748296	0.00153376643181732	0.0029107936774661	G[T>A]A
0.0062292449277768	0.000267792114623855	4.59793362777334e-05	0.000549123437093035	0.00102310150593201	0.00352384008931244	0.0015825925524778	0.0023418090069889	0.000729931729226333	G[T>A]C
0.00446327116372381	0.000286263822636699	3.31712525589447e-05	0.000632281302052839	0.00192964571372531	0.00423715986418261	0.00296097264291433	0.00068320840050131	0.000151959768107383	G[T>A]G
0.00461955640898659	0.000375465136223735	0.000181485935412115	0.00181748684933827	0.000787565181430561	0.0019942243942611	0.00481723089618469	0.00815265163361051	0.00158612576498109	G[T>A]T
0.0070481891223948	0.00215898536030876	0.000169642114693858	0.00255869695762027	0.0195042011984221	0.0043681075316508	0.00720807620857394	0.0176030187202113	0.00223180768736988	T[T>A]A
0.00410206890076013	0.000436622379067105	4.739751505008e-05	0.00117988056375925	0.00263325432867786	0.00934215877528517	0.00366569552627889	0.00991596912856015	0.00432672011113132	T[T>A]C
0.00545208179490455	0.00023972003764653	6.47858658157353e-05	0.00130914440760659	0.00232756780428676	0.0037635790367713	0.00287838174681534	0.00208277238139551	0.000141995616563942	T[T>A]G
0.0142126766738661	0.0011558862701468	0.000227615316705758	0.00398718970881208	0.013985812085646	0.00776329574681928	0.00613148256400797	0.0599402249817826	0.00538596850341112	T[T>A]T
0.0193266388710357	0.00141453880106587	0.000412091979675436	0.00984084323826464	0.0135994471668379	0.0513935970880117	0.00218774711153265	0.054962846901371	0.00158970286935543	A[T>C]A
0.0082914576584264	0.000423168126467399	0.000225289707584843	0.00424466447518103	0.00124434152307314	0.0181370219071928	0.00348629404923141	0.0266926592899345	0.00307650644183524	A[T>C]C
0.0200084328473148	0.000931156957097442	0.000156832247343924	0.00618219196168184	0.0038317101704062	0.0401582054109352	0.00381700265669362	0.00884261287842412	0.00512622835205777	A[T>C]G
0.0161451732624767	0.00143234026672718	0.000604175682009231	0.0102999634543354	0.00764569266475608	0.039169377055633	0.00895002131552145	0.150192703164691	0.00443974866034496	A[T>C]T
0.0086191590103243	0.00093748143148133	0.000157530485750796	0.00263206607227599	0.00670074536683656	0.0141332778599023	0.00141444274263492	0.00150823112148161	0.00311021367832578	C[T>C]A
0.00966409178621977	0.000544572595310416	0.000109351417685063	0.0032741425188233	0.00431429939886157	0.00849759945730195	0.00214066989097982	0.000647091840762362	0.0443365573926346	C[T>C]C
0.0049702695238072	0.000947095655725853	0.00024973885244939	0.00337145149580066	0.00598535167383635	0.0151066025390507	0.0020604816001067	0.00151332816090191	0.0140619898171568	C[T>C]G
0.0162839702536905	0.000810045518968521	0.000189400015112878	0.00369859563368827	0.00939239703036119	0.0091707738450832	0.00174916605697399	0.00651328932007443	0.0392677955488455	C[T>C]T
0.0135719222623233	0.00107212366292521	0.000318996030870825	0.00479945680450073	0.00495824651127411	0.0157002806009692	0.00155478896414946	0.00361374805601459	0.000838492367908875	G[T>C]A
0.0054032562782788	0.000714390639588203	0.00021310900717336	0.00371417982430445	0.00355737372419447	0.00633440280332719	0.00436131809325139	0.00070794940920705	0.00582309940970338	G[T>C]C
0.0143409886533933	0.000844363540513423	0.000172476602258794	0.00338329252779011	0.00132125198764673	0.0102274703944883	0.00264633242690192	0.00236638627499147	0.0043731468394859	G[T>C]G
0.0133896451204064	0.00104842238388167	0.000376401770853745	0.00502377895545322	0.00327570631770489	0.0246137956398637	0.00236906708138953	0.0132351779464851	0.00485033698893085	G[T>C]T
0.0211154794691011	0.00138761832004924	5.30347728664407e-05	0.00397779443268476	0.010179506182362	0.011513447693685	0.00346990894838337	0.0143389496954499	0.00477772424591002	T[T>C]A
0.00851109171811262	0.00100604250676808	0.000241050586630636	0.00346154785263329	0.00397048365241532	0.00792471024066228	0.00568166102479585	0.00342061527261756	0.00300524528347383	T[T>C]C
0.0052588206214642	0.000773188910685236	0.000154274118023374	0.00256374513395272	0.00433939758279527	0.013603952519242	0.00219377184733856	0.000727659406253839	0.000976609502139314	T[T>C]G
0.0117537777151567	0.00109413924715308	0.000226044629540541	0.0055956866157202	0.00676134559766123	0.0172753638712635	0.00789483806757351	0.0803503488366812	0.00172482855732449	T[T>C]T
0.00587956198846089	0.000388723392666908	4.57039402854537e-05	0.00146157760427727	0.00499088281834411	0.00318618666226514	0.000982960246988217	0.00611546026071106	0.0011372641819119	A[T>G]A
0.00294175149007255	0.000212614331700048	2.51126583077167e-05	0.000604393203315415	0.000987980889821493	0.00295843303216753	0.00184301281714218	0.00334569293156972	0.00365883701754668	A[T>G]C
0.00447495618901873	0.000320285670241247	0.000100953445122093	0.00135540856174882	0.00108321470610798	0.00324390061676826	0.00339062443969654	0.00110091534049314	0.000549989761622942	A[T>G]G
0.0105344272391639	0.00049178503970091	0.00015738952911219	0.00204171267086209	0.0043104429027014	0.00326373738463207	0.0012702077384001	0.00548737741497407	0.0246117908983671	A[T>G]T
0.00398700325761175	0.000129095648806025	4.64287633834753e-05	0.000724720827479262	0.00397419578551866	0.00248952442636269	0.000484924024970694	0.000519842608796305	0.00581067179683913	C[T>G]A
0.00396151493862363	0.000103096255678618	4.55403170828447e-05	0.00147453249895694	0.00183332234682816	0.00482891223278349	0.00104142453404153	0.000641878985754742	0.0756825182249816	C[T>G]C
0.0038115372736558	0.000252342742146761	2.8483184696571e-05	0.00164560281334779	0.00252542480918428	0.00671793432281309	0.0014887756966464	0.000991067692074226	0.0178721101738185	C[T>G]G
0.0112591190654474	0.00081302141325244	8.86609097965848e-05	0.000733462062956638	0.0229513954524453	0.00630071877785375	0.00209518893755538	0.00130289870716397	0.36916826808564	C[T>G]T
0.00241491218299334	9.42142336499345e-05	1.52371004364946e-05	0.000775452719023599	0.00101431936299304	0.00231808265071002	0.000355165775307221	0.00193453388870392	0.00138816188823821	G[T>G]A
0.00340439885662904	8.5415110541256e-05	2.29282799697596e-05	0.00048159911403977	0.000493157559621731	0.00179040500000005	0.00109974036443155	0.000490697560119371	0.00881337651313287	G[T>G]C
0.00421049958308337	0.000146024140583826	3.11142285866638e-05	0.00093086113375791	0.00133368684685538	0.00238585877056773	0.00183245944070099	0.000414244286905686	0.00491036615586586	G[T>G]G
0.00655111888345543	0.000325500104630976	2.02225636876999e-05	0.000857558214839498	0.00671060771145016	0.00247620208409683	0.00113956336274526	0.0126303721474089	0.0644994572038948	G[T>G]T
0.011508814387447	0.000580896009812749	0.00010234588939918	0.000851418281593152	0.00652836783740027	0.00625139650668687	0.00157606730824582	0.012590681296048	0.00363325226258337	T[T>G]A
0.00445372255239966	0.000140823857090141	2.44731224998617e-05	0.0012420458740736	0.000577526408904713	0.00594216846392112	0.000957101892972558	0.0113561041545294	0.00125462160335747	T[T>G]C
0.00445875716024224	0.000542843719757032	0.000127952770204302	0.00130963535730219	0.00483321830089695	0.00373882178460232	0.00120291054877998	0.00212629880107857	0.00109637470785434	T[T>G]G
0.0151822271336661	0.00111931370983444	6.01691972842144e-05	0.00299074614089086	0.0176491776192243	0.00884447769470528	0.00117254124755129	0.0997127083275142	0.016145491888069	T[T>G]T
